County,State,Total,Male,Female
Autauga County, Alabama,55601,26995,28606
Baldwin County, Alabama,218022,105657,112365
Barbour County, Alabama,24881,13133,11748
Bibb County, Alabama,22400,11921,10479
Blount County, Alabama,57840,28500,29340
Bullock County, Alabama,10138,5527,4611
Butler County, Alabama,19680,9165,10515
Calhoun County, Alabama,114277,54914,59363
Chambers County, Alabama,33615,16093,17522
Cherokee County, Alabama,26032,12896,13136
Chilton County, Alabama,44153,21668,22485
Choctaw County, Alabama,12841,6070,6771
Clarke County, Alabama,23920,11328,12592
Clay County, Alabama,13275,6492,6783
Cleburne County, Alabama,14987,7421,7566
Coffee County, Alabama,51909,25521,26388
Colbert County, Alabama,54762,26259,28503
Conecuh County, Alabama,12277,5881,6396
Coosa County, Alabama,10715,5399,5316
Covington County, Alabama,36986,17896,19090
Crenshaw County, Alabama,13824,6674,7150
Cullman County, Alabama,83442,41245,42197
Dale County, Alabama,48956,24023,24933
Dallas County, Alabama,38310,17685,20625
DeKalb County, Alabama,71385,35428,35957
Elmore County, Alabama,81887,39585,42302
Escambia County, Alabama,36748,18628,18120
Etowah County, Alabama,102501,49653,52848
Fayette County, Alabama,16433,8023,8410
Franklin County, Alabama,31363,15823,15540
Geneva County, Alabama,26314,12846,13468
Greene County, Alabama,8233,3887,4346
Hale County, Alabama,14726,7008,7718
Henry County, Alabama,17209,8300,8909
Houston County, Alabama,104722,50286,54436
Jackson County, Alabama,51736,25390,26346
Jefferson County, Alabama,659300,311591,347709
Lamar County, Alabama,13844,6767,7077
Lauderdale County, Alabama,92387,44327,48060
Lawrence County, Alabama,32957,16047,16910
Lee County, Alabama,163941,80639,83302
Limestone County, Alabama,96174,48156,48018
Lowndes County, Alabama,9974,4670,5304
Macon County, Alabama,18439,8383,10056
Madison County, Alabama,366519,179074,187445
Marengo County, Alabama,19066,8933,10133
Marion County, Alabama,29763,14686,15077
Marshall County, Alabama,96109,47502,48607
Mobile County, Alabama,413757,197077,216680
Monroe County, Alabama,21067,10005,11062
Montgomery County, Alabama,225763,106522,119241
Morgan County, Alabama,119089,58682,60407
Perry County, Alabama,9140,4281,4859
Pickens County, Alabama,19938,9948,9990
Pike County, Alabama,33338,16098,17240
Randolph County, Alabama,22725,11056,11669
Russell County, Alabama,57781,27745,30036
St. Clair County, Alabama,88690,44027,44663
Shelby County, Alabama,215707,104270,111437
Sumter County, Alabama,12691,5802,6889
Talladega County, Alabama,79828,38580,41248
Tallapoosa County, Alabama,40497,19632,20865
Tuscaloosa County, Alabama,208911,100589,108322
Walker County, Alabama,63711,31040,32671
Washington County, Alabama,16378,8055,8323
Wilcox County, Alabama,10627,5056,5571
Winston County, Alabama,23660,11655,12005
Aleutians East Borough, Alaska,3515,2374,1141
Aleutians West Census Area, Alaska,5723,3750,1973
Anchorage Municipality, Alaska,291538,148384,143154
Bethel Census Area, Alaska,18216,9376,8840
Bristol Bay Borough, Alaska,877,468,409
Denali Borough, Alaska,2059,1146,913
Dillingham Census Area, Alaska,5000,2518,2482
Fairbanks North Star Borough, Alaska,98971,53310,45661
Haines Borough, Alaska,2474,1222,1252
Hoonah-Angoon Census Area, Alaska,2151,1134,1017
Juneau City and Borough, Alaska,32113,16313,15800
Kenai Peninsula Borough, Alaska,58533,30488,28045
Ketchikan Gateway Borough, Alaska,13918,7102,6816
Kodiak Island Borough, Alaska,13345,7096,6249
Kusilvak Census Area, Alaska,8303,4374,3929
Lake and Peninsula Borough, Alaska,1587,813,774
Matanuska-Susitna Borough, Alaska,107610,55867,51743
Nome Census Area, Alaska,10008,5267,4741
North Slope Borough, Alaska,9872,6145,3727
Northwest Arctic Borough, Alaska,7671,4141,3530
Petersburg Borough, Alaska,3221,1700,1521
Prince of Wales-Hyder Census Area, Alaska,6422,3517,2905
Sitka City and Borough, Alaska,8647,4400,4247
Skagway Municipality, Alaska,1148,597,551
Southeast Fairbanks Census Area, Alaska,6918,3815,3103
Valdez-Cordova Census Area, Alaska,9164,4803,4361
Wrangell City and Borough, Alaska,2503,1296,1207
Yakutat City and Borough, Alaska,604,335,269
Yukon-Koyukuk Census Area, Alaska,5327,2822,2505
Apache County, Arizona,71818,35310,36508
Cochise County, Arizona,126770,64380,62390
Coconino County, Arizona,142854,70580,72274
Gila County, Arizona,53889,26644,27245
Graham County, Arizona,38072,20283,17789
Greenlee County, Arizona,9483,4871,4612
La Paz County, Arizona,21098,10820,10278
Maricopa County, Arizona,4410824,2181718,2229106
Mohave County, Arizona,209550,105979,103571
Navajo County, Arizona,110445,55281,55164
Pima County, Arizona,1039073,511456,527617
Pinal County, Arizona,447138,232917,214221
Santa Cruz County, Arizona,46511,22473,24038
Yavapai County, Arizona,231993,113321,118672
Yuma County, Arizona,212128,109306,102822
Arkansas County, Arkansas,17769,8593,9176
Ashley County, Arkansas,20046,9771,10275
Baxter County, Arkansas,41619,20096,21523
Benton County, Arkansas,272608,135582,137026
Boone County, Arkansas,37480,18443,19037
Bradley County, Arkansas,10897,5306,5591
Calhoun County, Arkansas,5277,2662,2615
Carroll County, Arkansas,28223,14047,14176
Chicot County, Arkansas,10438,5272,5166
Clark County, Arkansas,22061,10452,11609
Clay County, Arkansas,14847,7255,7592
Cleburne County, Arkansas,24965,12277,12688
Cleveland County, Arkansas,8018,3978,4040
Columbia County, Arkansas,23537,11352,12185
Conway County, Arkansas,20891,10260,10631
Craighead County, Arkansas,108558,52730,55828
Crawford County, Arkansas,63406,31258,32148
Crittenden County, Arkansas,48342,23011,25331
Cross County, Arkansas,16676,8044,8632
Dallas County, Arkansas,7182,3549,3633
Desha County, Arkansas,11512,5437,6075
Drew County, Arkansas,18328,8955,9373
Faulkner County, Arkansas,124806,60992,63814
Franklin County, Arkansas,17810,8908,8902
Fulton County, Arkansas,12269,6021,6248
Garland County, Arkansas,99154,47660,51494
Grant County, Arkansas,18188,8985,9203
Greene County, Arkansas,45325,22289,23036
Hempstead County, Arkansas,21741,10482,11259
Hot Spring County, Arkansas,33701,17643,16058
Howard County, Arkansas,13341,6417,6924
Independence County, Arkansas,37678,18371,19307
Izard County, Arkansas,13593,7050,6543
Jackson County, Arkansas,16811,8348,8463
Jefferson County, Arkansas,68114,33662,34452
Johnson County, Arkansas,26742,13264,13478
Lafayette County, Arkansas,6682,3283,3399
Lawrence County, Arkansas,16434,8112,8322
Lee County, Arkansas,8985,5049,3936
Lincoln County, Arkansas,13383,8273,5110
Little River County, Arkansas,12326,5936,6390
Logan County, Arkansas,21737,10852,10885
Lonoke County, Arkansas,73657,36302,37355
Madison County, Arkansas,16481,8229,8252
Marion County, Arkansas,16722,8209,8513
Miller County, Arkansas,43592,21411,22181
Mississippi County, Arkansas,41239,20077,21162
Monroe County, Arkansas,6900,3209,3691
Montgomery County, Arkansas,8924,4414,4510
Nevada County, Arkansas,8326,4126,4200
Newton County, Arkansas,7805,3954,3851
Ouachita County, Arkansas,23606,11196,12410
Perry County, Arkansas,10352,5113,5239
Phillips County, Arkansas,18029,8476,9553
Pike County, Arkansas,10673,5336,5337
Poinsett County, Arkansas,23974,11646,12328
Polk County, Arkansas,20049,9767,10282
Pope County, Arkansas,64000,31721,32279
Prairie County, Arkansas,8074,4063,4011
Pulaski County, Arkansas,392680,187731,204949
Randolph County, Arkansas,17948,8874,9074
St. Francis County, Arkansas,25439,14023,11416
Saline County, Arkansas,121421,59489,61932
Scott County, Arkansas,10319,5236,5083
Searcy County, Arkansas,7958,3988,3970
Sebastian County, Arkansas,127753,62418,65335
Sevier County, Arkansas,17139,8622,8517
Sharp County, Arkansas,17366,8570,8796
Stone County, Arkansas,12457,6135,6322
Union County, Arkansas,39126,19038,20088
Van Buren County, Arkansas,16603,8255,8348
Washington County, Arkansas,236961,118335,118626
White County, Arkansas,78727,38321,40406
Woodruff County, Arkansas,6490,3121,3369
Yell County, Arkansas,21535,10811,10724
Alameda County, California,1666753,820045,846708
Alpine County, California,1101,588,513
Amador County, California,39383,21425,17958
Butte County, California,231256,114342,116914
Calaveras County, California,45602,22697,22905
Colusa County, California,21627,11046,10581
Contra Costa County, California,1150215,562483,587732
Del Norte County, California,27828,15188,12640
El Dorado County, California,190678,95091,95587
Fresno County, California,994400,496016,498384
Glenn County, California,28047,14235,13812
Humboldt County, California,136373,67913,68460
Imperial County, California,181827,93235,88592
Inyo County, California,17987,9044,8943
Kern County, California,896764,459690,437074
Kings County, California,151366,83196,68170
Lake County, California,64382,32140,32242
Lassen County, California,30802,19155,11647
Los Angeles County, California,10105518,4981895,5123623
Madera County, California,157672,76008,81664
Marin County, California,259666,126989,132677
Mariposa County, California,17471,8904,8567
Mendocino County, California,87606,43403,44203
Merced County, California,274765,138632,136133
Modoc County, California,8777,4386,4391
Mono County, California,14250,7571,6679
Monterey County, California,435594,221787,213807
Napa County, California,139417,69392,70025
Nevada County, California,99696,48920,50776
Orange County, California,3185968,1572801,1613167
Placer County, California,393149,192147,201002
Plumas County, California,18804,9360,9444
Riverside County, California,2450758,1221375,1229383
Sacramento County, California,1540975,752972,788003
San Benito County, California,61537,30843,30694
San Bernardino County, California,2171603,1080950,1090653
San Diego County, California,3343364,1682449,1660915
San Francisco County, California,883305,450363,432942
San Joaquin County, California,752660,375136,377524
San Luis Obispo County, California,284010,144092,139918
San Mateo County, California,769545,380308,389237
Santa Barbara County, California,446527,223377,223150
Santa Clara County, California,1937570,980868,956702
Santa Cruz County, California,274255,135725,138530
Shasta County, California,180040,88367,91673
Sierra County, California,2987,1511,1476
Siskiyou County, California,43724,21731,21993
Solano County, California,446610,221997,224613
Sonoma County, California,499942,244124,255818
Stanislaus County, California,549815,272316,277499
Sutter County, California,96807,48222,48585
Tehama County, California,63916,31743,32173
Trinity County, California,12535,6442,6093
Tulare County, California,465861,233078,232783
Tuolumne County, California,54539,28296,26243
Ventura County, California,850967,421319,429648
Yolo County, California,220408,106746,113662
Yuba County, California,78041,39503,38538
Adams County, Colorado,511868,258470,253398
Alamosa County, Colorado,16683,8361,8322
Arapahoe County, Colorado,651215,322713,328502
Archuleta County, Colorado,13765,6898,6867
Baca County, Colorado,3585,1800,1785
Bent County, Colorado,5882,3848,2034
Boulder County, Colorado,326078,164069,162009
Broomfield County, Colorado,69267,34441,34826
Chaffee County, Colorado,20027,10582,9445
Cheyenne County, Colorado,1876,954,922
Clear Creek County, Colorado,9605,5067,4538
Conejos County, Colorado,8200,4117,4083
Costilla County, Colorado,3828,1982,1846
Crowley County, Colorado,5858,4286,1572
Custer County, Colorado,4954,2555,2399
Delta County, Colorado,30953,15501,15452
Denver County, Colorado,716492,359590,356902
Dolores County, Colorado,2074,1090,984
Douglas County, Colorado,342776,171127,171649
Eagle County, Colorado,54993,29160,25833
Elbert County, Colorado,26282,13278,13004
El Paso County, Colorado,713856,360720,353136
Fremont County, Colorado,48021,27722,20299
Garfield County, Colorado,59770,30533,29237
Gilpin County, Colorado,6121,3212,2909
Grand County, Colorado,15525,8319,7206
Gunnison County, Colorado,17246,9300,7946
Hinsdale County, Colorado,811,418,393
Huerfano County, Colorado,6889,3513,3376
Jackson County, Colorado,1399,724,675
Jefferson County, Colorado,580233,289294,290939
Kiowa County, Colorado,1383,673,710
Kit Carson County, Colorado,7163,3582,3581
Lake County, Colorado,7824,4207,3617
La Plata County, Colorado,56310,28411,27899
Larimer County, Colorado,350518,174991,175527
Las Animas County, Colorado,14503,7572,6931
Lincoln County, Colorado,5610,3277,2333
Logan County, Colorado,21528,12030,9498
Mesa County, Colorado,153207,75720,77487
Mineral County, Colorado,776,385,391
Moffat County, Colorado,13188,6763,6425
Montezuma County, Colorado,26158,12901,13257
Montrose County, Colorado,42214,20815,21399
Morgan County, Colorado,28558,14410,14148
Otero County, Colorado,18432,9025,9407
Ouray County, Colorado,4833,2446,2387
Park County, Colorado,18556,9768,8788
Phillips County, Colorado,4286,2115,2171
Pitkin County, Colorado,17950,9289,8661
Prowers County, Colorado,12164,6113,6051
Pueblo County, Colorado,167529,82556,84973
Rio Blanco County, Colorado,6336,3237,3099
Rio Grande County, Colorado,11250,5624,5626
Routt County, Colorado,25733,13399,12334
Saguache County, Colorado,6843,3426,3417
San Juan County, Colorado,762,427,335
San Miguel County, Colorado,8191,4359,3832
Sedgwick County, Colorado,2303,1137,1166
Summit County, Colorado,31007,16816,14191
Teller County, Colorado,25083,12734,12349
Washington County, Colorado,4909,2552,2357
Weld County, Colorado,314305,158475,155830
Yuma County, Colorado,10020,4989,5031
Fairfield County, Connecticut,943823,459748,484075
Hartford County, Connecticut,892697,434117,458580
Litchfield County, Connecticut,181111,89551,91560
Middlesex County, Connecticut,162682,79242,83440
New Haven County, Connecticut,857620,413494,444126
New London County, Connecticut,266784,133702,133082
Tolland County, Connecticut,150921,75598,75323
Windham County, Connecticut,117027,57943,59084
Kent County, Delaware,178550,86023,92527
New Castle County, Delaware,559335,271123,288212
Sussex County, Delaware,229286,110781,118505
District of Columbia, District of Columbia,702455,333307,369148
Alachua County, Florida,269956,130428,139528
Baker County, Florida,28355,14917,13438
Bay County, Florida,185287,91929,93358
Bradford County, Florida,27732,15318,12414
Brevard County, Florida,596849,291903,304946
Broward County, Florida,1951260,950568,1000692
Calhoun County, Florida,14587,7962,6625
Charlotte County, Florida,184998,90256,94742
Citrus County, Florida,147929,71714,76215
Clay County, Florida,216072,106560,109512
Collier County, Florida,378488,186769,191719
Columbia County, Florida,70503,36366,34137
DeSoto County, Florida,37489,21230,16259
Dixie County, Florida,16700,9244,7456
Duval County, Florida,950181,460434,489747
Escambia County, Florida,315534,156179,159355
Flagler County, Florida,112067,53927,58140
Franklin County, Florida,11736,6545,5191
Gadsden County, Florida,45894,21790,24104
Gilchrist County, Florida,18256,9429,8827
Glades County, Florida,13724,7719,6005
Gulf County, Florida,16164,9461,6703
Hamilton County, Florida,14310,8283,6027
Hardee County, Florida,27245,14376,12869
Hendry County, Florida,41556,22163,19393
Hernando County, Florida,190865,91975,98890
Highlands County, Florida,105424,51515,53909
Hillsborough County, Florida,1436888,702940,733948
Holmes County, Florida,19477,10336,9141
Indian River County, Florida,157413,75421,81992
Jackson County, Florida,48305,26615,21690
Jefferson County, Florida,14288,7491,6797
Lafayette County, Florida,8732,4986,3746
Lake County, Florida,356495,172515,183980
Lee County, Florida,754610,369372,385238
Leon County, Florida,292502,138642,153860
Levy County, Florida,40770,19903,20867
Liberty County, Florida,8457,5215,3242
Madison County, Florida,18529,9799,8730
Manatee County, Florida,394855,190647,204208
Marion County, Florida,359977,172642,187335
Martin County, Florida,160912,79518,81394
Miami-Dade County, Florida,2761581,1340718,1420863
Monroe County, Florida,75027,39005,36022
Nassau County, Florida,85832,42254,43578
Okaloosa County, Florida,207269,104997,102272
Okeechobee County, Florida,41537,22289,19248
Orange County, Florida,1380645,677345,703300
Osceola County, Florida,367990,181463,186527
Palm Beach County, Florida,1485941,720762,765179
Pasco County, Florida,539630,262406,277224
Pinellas County, Florida,975280,467828,507452
Polk County, Florida,708009,346929,361080
Putnam County, Florida,74163,36699,37464
St. Johns County, Florida,254261,124017,130244
St. Lucie County, Florida,321128,156975,164153
Santa Rosa County, Florida,179349,91404,87945
Sarasota County, Florida,426718,203342,223376
Seminole County, Florida,467832,226010,241822
Sumter County, Florida,128754,64194,64560
Suwannee County, Florida,44191,22743,21448
Taylor County, Florida,21623,11798,9825
Union County, Florida,14940,9623,5317
Volusia County, Florida,547538,267217,280321
Wakulla County, Florida,32461,17327,15134
Walton County, Florida,71375,36080,35295
Washington County, Florida,24880,13350,11530
Appling County, Georgia,18507,9240,9267
Atkinson County, Georgia,8297,4188,4109
Bacon County, Georgia,11185,5468,5717
Baker County, Georgia,3092,1529,1563
Baldwin County, Georgia,44823,22742,22081
Banks County, Georgia,18988,9645,9343
Barrow County, Georgia,80809,39597,41212
Bartow County, Georgia,106408,52478,53930
Ben Hill County, Georgia,16787,7965,8822
Berrien County, Georgia,19252,9454,9798
Bibb County, Georgia,153095,71847,81248
Bleckley County, Georgia,12838,6124,6714
Brantley County, Georgia,18897,9312,9585
Brooks County, Georgia,15513,7569,7944
Bryan County, Georgia,38109,18795,19314
Bulloch County, Georgia,77296,37919,39377
Burke County, Georgia,22423,10682,11741
Butts County, Georgia,24193,12774,11419
Calhoun County, Georgia,6352,3830,2522
Camden County, Georgia,53677,27469,26208
Candler County, Georgia,10836,5313,5523
Carroll County, Georgia,118121,57613,60508
Catoosa County, Georgia,67420,32610,34810
Charlton County, Georgia,12968,7436,5532
Chatham County, Georgia,289195,138978,150217
Chattahoochee County, Georgia,10684,6843,3841
Chattooga County, Georgia,24790,12680,12110
Cherokee County, Georgia,254149,125168,128981
Clarke County, Georgia,127330,60322,67008
Clay County, Georgia,2887,1362,1525
Clayton County, Georgia,289615,135554,154061
Clinch County, Georgia,6648,3232,3416
Cobb County, Georgia,756865,366600,390265
Coffee County, Georgia,43093,22140,20953
Colquitt County, Georgia,45592,22585,23007
Columbia County, Georgia,154291,75273,79018
Cook County, Georgia,17162,8268,8894
Coweta County, Georgia,145864,70983,74881
Crawford County, Georgia,12318,6214,6104
Crisp County, Georgia,22601,10687,11914
Dade County, Georgia,16226,7971,8255
Dawson County, Georgia,25083,12400,12683
Decatur County, Georgia,26575,12857,13718
DeKalb County, Georgia,756558,357770,398788
Dodge County, Georgia,20705,10787,9918
Dooly County, Georgia,13706,7451,6255
Dougherty County, Georgia,91243,41868,49375
Douglas County, Georgia,145331,69035,76296
Early County, Georgia,10247,4782,5465
Echols County, Georgia,4000,2067,1933
Effingham County, Georgia,62190,30999,31191
Elbert County, Georgia,19120,9147,9973
Emanuel County, Georgia,22612,11130,11482
Evans County, Georgia,10721,5216,5505
Fannin County, Georgia,25964,12610,13354
Fayette County, Georgia,113459,55009,58450
Floyd County, Georgia,97927,47307,50620
Forsyth County, Georgia,236612,117339,119273
Franklin County, Georgia,23023,11292,11731
Fulton County, Georgia,1050114,508527,541587
Gilmer County, Georgia,30816,15437,15379
Glascock County, Georgia,2995,1484,1511
Glynn County, Georgia,85219,40136,45083
Gordon County, Georgia,57685,28429,29256
Grady County, Georgia,24748,11931,12817
Greene County, Georgia,17698,8521,9177
Gwinnett County, Georgia,927781,452986,474795
Habersham County, Georgia,45388,21450,23938
Hall County, Georgia,202148,100538,101610
Hancock County, Georgia,8348,4593,3755
Haralson County, Georgia,29533,14335,15198
Harris County, Georgia,34475,17245,17230
Hart County, Georgia,26099,12929,13170
Heard County, Georgia,11879,5916,5963
Henry County, Georgia,230220,109748,120472
Houston County, Georgia,155469,75339,80130
Irwin County, Georgia,9398,4889,4509
Jackson County, Georgia,70422,34706,35716
Jasper County, Georgia,14040,6866,7174
Jeff Davis County, Georgia,15029,7408,7621
Jefferson County, Georgia,15430,7447,7983
Jenkins County, Georgia,8683,4658,4025
Johnson County, Georgia,9708,5441,4267
Jones County, Georgia,28616,13847,14769
Lamar County, Georgia,19000,9150,9850
Lanier County, Georgia,10340,5226,5114
Laurens County, Georgia,47325,22395,24930
Lee County, Georgia,29764,14924,14840
Liberty County, Georgia,61497,31168,30329
Lincoln County, Georgia,7915,3836,4079
Long County, Georgia,18998,9583,9415
Lowndes County, Georgia,116321,56320,60001
Lumpkin County, Georgia,32955,16335,16620
McDuffie County, Georgia,21531,10081,11450
McIntosh County, Georgia,14340,7001,7339
Macon County, Georgia,13143,7203,5940
Madison County, Georgia,29650,14661,14989
Marion County, Georgia,8351,4112,4239
Meriwether County, Georgia,21068,10085,10983
Miller County, Georgia,5686,2725,2961
Mitchell County, Georgia,22192,11510,10682
Monroe County, Georgia,27520,13723,13797
Montgomery County, Georgia,9193,4727,4466
Morgan County, Georgia,18853,9068,9785
Murray County, Georgia,39921,19623,20298
Muscogee County, Georgia,194160,94349,99811
Newton County, Georgia,109541,51731,57810
Oconee County, Georgia,39272,19271,20001
Oglethorpe County, Georgia,15054,7439,7615
Paulding County, Georgia,164044,79857,84187
Peach County, Georgia,27297,13158,14139
Pickens County, Georgia,31980,15696,16284
Pierce County, Georgia,19389,9586,9803
Pike County, Georgia,18634,9164,9470
Polk County, Georgia,42470,20992,21478
Pulaski County, Georgia,11069,4774,6295
Putnam County, Georgia,21809,10643,11166
Quitman County, Georgia,2279,1090,1189
Rabun County, Georgia,16867,8295,8572
Randolph County, Georgia,6833,3157,3676
Richmond County, Georgia,201554,97624,103930
Rockdale County, Georgia,90594,42596,47998
Schley County, Georgia,5236,2484,2752
Screven County, Georgia,13938,6902,7036
Seminole County, Georgia,8315,3981,4334
Spalding County, Georgia,66100,31749,34351
Stephens County, Georgia,26035,12508,13527
Stewart County, Georgia,6199,4094,2105
Sumter County, Georgia,29733,13967,15766
Talbot County, Georgia,6272,3002,3270
Taliaferro County, Georgia,1608,796,812
Tattnall County, Georgia,25391,14640,10751
Taylor County, Georgia,8039,3842,4197
Telfair County, Georgia,15876,9284,6592
Terrell County, Georgia,8611,4122,4489
Thomas County, Georgia,44448,21047,23401
Tift County, Georgia,40571,19622,20949
Toombs County, Georgia,26887,12781,14106
Towns County, Georgia,11852,5658,6194
Treutlen County, Georgia,6809,3386,3423
Troup County, Georgia,70034,33785,36249
Turner County, Georgia,7912,3844,4068
Twiggs County, Georgia,8188,4017,4171
Union County, Georgia,24001,11619,12382
Upson County, Georgia,26215,12447,13768
Walker County, Georgia,69410,34154,35256
Walton County, Georgia,93503,45507,47996
Ware County, Georgia,35680,17853,17827
Warren County, Georgia,5251,2488,2763
Washington County, Georgia,20386,10399,9987
Wayne County, Georgia,29808,15284,14524
Webster County, Georgia,2611,1303,1308
Wheeler County, Georgia,7879,5095,2784
White County, Georgia,29970,14619,15351
Whitfield County, Georgia,104062,51848,52214
Wilcox County, Georgia,8812,5264,3548
Wilkes County, Georgia,9876,4741,5135
Wilkinson County, Georgia,9036,4323,4713
Worth County, Georgia,20299,9752,10547
Hawaii County, Hawaii,200983,99602,101381
Honolulu County, Hawaii,980080,492574,487506
Kalawao County, Hawaii,88,41,47
Kauai County, Hawaii,72133,35607,36526
Maui County, Hawaii,167207,83178,84029
Ada County, Idaho,469966,235266,234700
Adams County, Idaho,4250,2211,2039
Bannock County, Idaho,87138,43328,43810
Bear Lake County, Idaho,6050,3017,3033
Benewah County, Idaho,9226,4718,4508
Bingham County, Idaho,46236,23036,23200
Blaine County, Idaho,22601,11456,11145
Boise County, Idaho,7634,3975,3659
Bonner County, Idaho,44727,22306,22421
Bonneville County, Idaho,116854,58375,58479
Boundary County, Idaho,11948,6005,5943
Butte County, Idaho,2611,1318,1293
Camas County, Idaho,1127,570,557
Canyon County, Idaho,223499,110725,112774
Caribou County, Idaho,7060,3610,3450
Cassia County, Idaho,23864,12155,11709
Clark County, Idaho,852,432,420
Clearwater County, Idaho,8758,4818,3940
Custer County, Idaho,4280,2196,2084
Elmore County, Idaho,27259,14290,12969
Franklin County, Idaho,13726,7022,6704
Fremont County, Idaho,13168,6888,6280
Gem County, Idaho,17634,8813,8821
Gooding County, Idaho,15196,7736,7460
Idaho County, Idaho,16513,8664,7849
Jefferson County, Idaho,29439,14952,14487
Jerome County, Idaho,24015,12241,11774
Kootenai County, Idaho,161505,79774,81731
Latah County, Idaho,40134,20398,19736
Lemhi County, Idaho,7961,4030,3931
Lewis County, Idaho,3861,1963,1898
Lincoln County, Idaho,5360,2780,2580
Madison County, Idaho,39304,19890,19414
Minidoka County, Idaho,20825,10433,10392
Nez Perce County, Idaho,40408,19961,20447
Oneida County, Idaho,4488,2254,2234
Owyhee County, Idaho,11693,5965,5728
Payette County, Idaho,23551,11755,11796
Power County, Idaho,7768,3952,3816
Shoshone County, Idaho,12796,6422,6374
Teton County, Idaho,11640,6111,5529
Twin Falls County, Idaho,86081,42488,43593
Valley County, Idaho,11041,5720,5321
Washington County, Idaho,10161,5058,5103
Adams County, Illinois,65691,32308,33383
Alexander County, Illinois,6060,2932,3128
Bond County, Illinois,16630,8645,7985
Boone County, Illinois,53577,26785,26792
Brown County, Illinois,6556,4245,2311
Bureau County, Illinois,32993,16199,16794
Calhoun County, Illinois,4802,2393,2409
Carroll County, Illinois,14312,7137,7175
Cass County, Illinois,12260,6192,6068
Champaign County, Illinois,209983,104634,105349
Christian County, Illinois,32661,16620,16041
Clark County, Illinois,15596,7745,7851
Clay County, Illinois,13253,6564,6689
Clinton County, Illinois,37639,19499,18140
Coles County, Illinois,50885,24678,26207
Cook County, Illinois,5180493,2516081,2664412
Crawford County, Illinois,18807,9832,8975
Cumberland County, Illinois,10808,5376,5432
DeKalb County, Illinois,104143,51577,52566
De Witt County, Illinois,15769,7804,7965
Douglas County, Illinois,19479,9620,9859
DuPage County, Illinois,928589,456211,472378
Edgar County, Illinois,17360,8510,8850
Edwards County, Illinois,6392,3149,3243
Effingham County, Illinois,34208,17043,17165
Fayette County, Illinois,21416,11304,10112
Ford County, Illinois,13264,6556,6708
Franklin County, Illinois,38701,19092,19609
Fulton County, Illinois,34844,18133,16711
Gallatin County, Illinois,5058,2470,2588
Greene County, Illinois,13044,6566,6478
Grundy County, Illinois,50972,25422,25550
Hamilton County, Illinois,8163,3992,4171
Hancock County, Illinois,17844,8850,8994
Hardin County, Illinois,3910,1984,1926
Henderson County, Illinois,6709,3276,3433
Henry County, Illinois,49090,24469,24621
Iroquois County, Illinois,27604,13561,14043
Jackson County, Illinois,57419,28550,28869
Jasper County, Illinois,9611,4808,4803
Jefferson County, Illinois,37820,19447,18373
Jersey County, Illinois,21847,10677,11170
Jo Daviess County, Illinois,21366,10692,10674
Johnson County, Illinois,12456,6797,5659
Kane County, Illinois,534216,266050,268166
Kankakee County, Illinois,110024,54154,55870
Kendall County, Illinois,127915,63410,64505
Knox County, Illinois,50112,25273,24839
Lake County, Illinois,700832,350273,350559
LaSalle County, Illinois,109430,55226,54204
Lawrence County, Illinois,15765,8836,6929
Lee County, Illinois,34223,18173,16050
Livingston County, Illinois,35761,17935,17826
Logan County, Illinois,28925,14685,14240
McDonough County, Illinois,29955,14674,15281
McHenry County, Illinois,308570,153614,154956
McLean County, Illinois,172828,83968,88860
Macon County, Illinois,104712,50158,54554
Macoupin County, Illinois,45313,22409,22904
Madison County, Illinois,264461,128768,135693
Marion County, Illinois,37620,18393,19227
Marshall County, Illinois,11534,5725,5809
Mason County, Illinois,13565,6689,6876
Massac County, Illinois,14080,6743,7337
Menard County, Illinois,12288,5989,6299
Mercer County, Illinois,15601,7792,7809
Monroe County, Illinois,34335,17058,17277
Montgomery County, Illinois,28601,14983,13618
Morgan County, Illinois,33976,17247,16729
Moultrie County, Illinois,14717,7204,7513
Ogle County, Illinois,50923,25292,25631
Peoria County, Illinois,180621,87517,93104
Perry County, Illinois,21174,11659,9515
Piatt County, Illinois,16396,8125,8271
Pike County, Illinois,15611,7829,7782
Pope County, Illinois,4212,2178,2034
Pulaski County, Illinois,5463,2655,2808
Putnam County, Illinois,5740,2923,2817
Randolph County, Illinois,32106,17656,14450
Richland County, Illinois,15763,7799,7964
Rock Island County, Illinois,143477,70680,72797
St. Clair County, Illinois,261059,125939,135120
Saline County, Illinois,23906,11799,12107
Sangamon County, Illinois,195348,93741,101607
Schuyler County, Illinois,6907,3624,3283
Scott County, Illinois,4926,2434,2492
Shelby County, Illinois,21741,10815,10926
Stark County, Illinois,5427,2687,2740
Stephenson County, Illinois,44753,21756,22997
Tazewell County, Illinois,132328,65040,67288
Union County, Illinois,16841,8439,8402
Vermilion County, Illinois,76806,38221,38585
Wabash County, Illinois,11549,5824,5725
Warren County, Illinois,17032,8397,8635
Washington County, Illinois,13995,6988,7007
Wayne County, Illinois,16332,8036,8296
White County, Illinois,13665,6732,6933
Whiteside County, Illinois,55626,27568,28058
Will County, Illinois,692310,343551,348759
Williamson County, Illinois,67056,33319,33737
Winnebago County, Illinois,284081,138635,145446
Woodford County, Illinois,38463,19189,19274
Adams County, Indiana,35636,17804,17832
Allen County, Indiana,375351,183463,191888
Bartholomew County, Indiana,82753,41627,41126
Benton County, Indiana,8653,4296,4357
Blackford County, Indiana,11930,5889,6041
Boone County, Indiana,66999,33331,33668
Brown County, Indiana,15234,7507,7727
Carroll County, Indiana,20127,10117,10010
Cass County, Indiana,37955,18958,18997
Clark County, Indiana,117360,57274,60086
Clay County, Indiana,26170,12930,13240
Clinton County, Indiana,32250,16035,16215
Crawford County, Indiana,10558,5371,5187
Daviess County, Indiana,33147,16701,16446
Dearborn County, Indiana,49568,24649,24919
Decatur County, Indiana,26794,13306,13488
DeKalb County, Indiana,43226,21453,21773
Delaware County, Indiana,114772,55383,59389
Dubois County, Indiana,42565,21273,21292
Elkhart County, Indiana,205560,101597,103963
Fayette County, Indiana,23047,11381,11666
Floyd County, Indiana,77781,37782,39999
Fountain County, Indiana,16351,8162,8189
Franklin County, Indiana,22736,11357,11379
Fulton County, Indiana,20092,10048,10044
Gibson County, Indiana,33452,16739,16713
Grant County, Indiana,65936,31558,34378
Greene County, Indiana,32006,16020,15986
Hamilton County, Indiana,330086,161345,168741
Hancock County, Indiana,76351,37563,38788
Harrison County, Indiana,40350,20163,20187
Hendricks County, Indiana,167009,83558,83451
Henry County, Indiana,48271,25099,23172
Howard County, Indiana,82366,39983,42383
Huntington County, Indiana,36240,17873,18367
Jackson County, Indiana,44111,21987,22124
Jasper County, Indiana,33370,16601,16769
Jay County, Indiana,20764,10348,10416
Jefferson County, Indiana,32208,15497,16711
Jennings County, Indiana,27611,13837,13774
Johnson County, Indiana,156225,77105,79120
Knox County, Indiana,36895,18682,18213
Kosciusko County, Indiana,79344,39656,39688
LaGrange County, Indiana,39330,19980,19350
Lake County, Indiana,484411,234475,249936
LaPorte County, Indiana,110007,56694,53313
Lawrence County, Indiana,45668,22625,23043
Madison County, Indiana,129641,64792,64849
Marion County, Indiana,954670,460093,494577
Marshall County, Indiana,46248,23052,23196
Martin County, Indiana,10217,5177,5040
Miami County, Indiana,35567,19133,16434
Monroe County, Indiana,146917,73034,73883
Montgomery County, Indiana,38346,19448,18898
Morgan County, Indiana,70116,34819,35297
Newton County, Indiana,14011,7073,6938
Noble County, Indiana,47532,23825,23707
Ohio County, Indiana,5844,2894,2950
Orange County, Indiana,19489,9719,9770
Owen County, Indiana,20845,10423,10422
Parke County, Indiana,16927,8000,8927
Perry County, Indiana,19102,10232,8870
Pike County, Indiana,12410,6187,6223
Porter County, Indiana,169594,83930,85664
Posey County, Indiana,25540,12755,12785
Pulaski County, Indiana,12469,6357,6112
Putnam County, Indiana,37779,19840,17939
Randolph County, Indiana,24851,12202,12649
Ripley County, Indiana,28523,14128,14395
Rush County, Indiana,16663,8223,8440
St. Joseph County, Indiana,270771,131836,138935
Scott County, Indiana,23878,11731,12147
Shelby County, Indiana,44593,22146,22447
Spencer County, Indiana,20327,10232,10095
Starke County, Indiana,22935,11437,11498
Steuben County, Indiana,34586,17560,17026
Sullivan County, Indiana,20690,11241,9449
Switzerland County, Indiana,10717,5524,5193
Tippecanoe County, Indiana,193048,98678,94370
Tipton County, Indiana,15128,7537,7591
Union County, Indiana,7037,3491,3546
Vanderburgh County, Indiana,180974,87699,93275
Vermillion County, Indiana,15479,7691,7788
Vigo County, Indiana,107386,54405,52981
Wabash County, Indiana,31280,15158,16122
Warren County, Indiana,8263,4086,4177
Warrick County, Indiana,62567,30670,31897
Washington County, Indiana,27943,13920,14023
Wayne County, Indiana,65936,31937,33999
Wells County, Indiana,28206,13912,14294
White County, Indiana,24133,12010,12123
Whitley County, Indiana,34074,16983,17091
Adair County, Iowa,7063,3509,3554
Adams County, Iowa,3645,1825,1820
Allamakee County, Iowa,13832,7019,6813
Appanoose County, Iowa,12437,6143,6294
Audubon County, Iowa,5506,2673,2833
Benton County, Iowa,25642,12785,12857
Black Hawk County, Iowa,132408,65095,67313
Boone County, Iowa,26346,13312,13034
Bremer County, Iowa,24947,12348,12599
Buchanan County, Iowa,21199,10542,10657
Buena Vista County, Iowa,19874,10095,9779
Butler County, Iowa,14539,7257,7282
Calhoun County, Iowa,9699,5005,4694
Carroll County, Iowa,20154,9924,10230
Cass County, Iowa,12930,6368,6562
Cedar County, Iowa,18627,9271,9356
Cerro Gordo County, Iowa,42647,20870,21777
Cherokee County, Iowa,11321,5692,5629
Chickasaw County, Iowa,11964,6055,5909
Clarke County, Iowa,9423,4772,4651
Clay County, Iowa,16134,7936,8198
Clayton County, Iowa,17556,8885,8671
Clinton County, Iowa,46518,22844,23674
Crawford County, Iowa,17158,8767,8391
Dallas County, Iowa,90180,44496,45684
Davis County, Iowa,9017,4462,4555
Decatur County, Iowa,7890,3940,3950
Delaware County, Iowa,17069,8611,8458
Des Moines County, Iowa,39138,19041,20097
Dickinson County, Iowa,17153,8521,8632
Dubuque County, Iowa,96854,47863,48991
Emmet County, Iowa,9253,4646,4607
Fayette County, Iowa,19660,9910,9750
Floyd County, Iowa,15761,7793,7968
Franklin County, Iowa,10124,5099,5025
Fremont County, Iowa,6993,3488,3505
Greene County, Iowa,8981,4430,4551
Grundy County, Iowa,12304,6072,6232
Guthrie County, Iowa,10720,5350,5370
Hamilton County, Iowa,14952,7451,7501
Hancock County, Iowa,10712,5365,5347
Hardin County, Iowa,16868,8467,8401
Harrison County, Iowa,14134,7065,7069
Henry County, Iowa,20067,10349,9718
Howard County, Iowa,9187,4582,4605
Humboldt County, Iowa,9547,4703,4844
Ida County, Iowa,6841,3415,3426
Iowa County, Iowa,16141,8046,8095
Jackson County, Iowa,19432,9698,9734
Jasper County, Iowa,37147,18996,18151
Jefferson County, Iowa,18381,10127,8254
Johnson County, Iowa,151260,75011,76249
Jones County, Iowa,20744,10715,10029
Keokuk County, Iowa,10225,5201,5024
Kossuth County, Iowa,14908,7507,7401
Lee County, Iowa,34055,17161,16894
Linn County, Iowa,225909,111266,114643
Louisa County, Iowa,11169,5700,5469
Lucas County, Iowa,8645,4406,4239
Lyon County, Iowa,11811,5994,5817
Madison County, Iowa,16249,8114,8135
Mahaska County, Iowa,22000,11143,10857
Marion County, Iowa,33407,16705,16702
Marshall County, Iowa,39981,20231,19750
Mills County, Iowa,15063,7580,7483
Mitchell County, Iowa,10569,5268,5301
Monona County, Iowa,8679,4235,4444
Monroe County, Iowa,7790,3858,3932
Montgomery County, Iowa,10003,4876,5127
Muscatine County, Iowa,42929,21452,21477
O'Brien County, Iowa,13840,6927,6913
Osceola County, Iowa,6040,3082,2958
Page County, Iowa,15249,8051,7198
Palo Alto County, Iowa,8929,4449,4480
Plymouth County, Iowa,25095,12530,12565
Pocahontas County, Iowa,6740,3354,3386
Polk County, Iowa,487204,240245,246959
Pottawattamie County, Iowa,93533,46030,47503
Poweshiek County, Iowa,18699,9061,9638
Ringgold County, Iowa,4968,2454,2514
Sac County, Iowa,9719,4791,4928
Scott County, Iowa,173283,84974,88309
Shelby County, Iowa,11578,5725,5853
Sioux County, Iowa,34909,17575,17334
Story County, Iowa,98105,51227,46878
Tama County, Iowa,16904,8471,8433
Taylor County, Iowa,6191,3141,3050
Union County, Iowa,12359,5991,6368
Van Buren County, Iowa,7020,3613,3407
Wapello County, Iowa,35205,17539,17666
Warren County, Iowa,51056,25173,25883
Washington County, Iowa,22141,10939,11202
Wayne County, Iowa,6401,3146,3255
Webster County, Iowa,36277,18779,17498
Winnebago County, Iowa,10518,5185,5333
Winneshiek County, Iowa,20029,9993,10036
Woodbury County, Iowa,102539,50815,51724
Worth County, Iowa,7453,3767,3686
Wright County, Iowa,12690,6379,6311
Allen County, Kansas,12444,6131,6313
Anderson County, Kansas,7878,3911,3967
Atchison County, Kansas,16193,7861,8332
Barber County, Kansas,4472,2301,2171
Barton County, Kansas,26111,12899,13212
Bourbon County, Kansas,14653,7242,7411
Brown County, Kansas,9598,4737,4861
Butler County, Kansas,66765,33594,33171
Chase County, Kansas,2629,1338,1291
Chautauqua County, Kansas,3309,1703,1606
Cherokee County, Kansas,20015,9844,10171
Cheyenne County, Kansas,2660,1348,1312
Clark County, Kansas,2005,995,1010
Clay County, Kansas,7997,4001,3996
Cloud County, Kansas,8729,4330,4399
Coffey County, Kansas,8233,4064,4169
Comanche County, Kansas,1748,849,899
Cowley County, Kansas,35218,17716,17502
Crawford County, Kansas,39019,19574,19445
Decatur County, Kansas,2871,1443,1428
Dickinson County, Kansas,18717,9433,9284
Doniphan County, Kansas,7682,3863,3819
Douglas County, Kansas,121436,60520,60916
Edwards County, Kansas,2849,1449,1400
Elk County, Kansas,2508,1267,1241
Ellis County, Kansas,28710,14458,14252
Ellsworth County, Kansas,6196,3503,2693
Finney County, Kansas,36611,18844,17767
Ford County, Kansas,33888,17584,16304
Franklin County, Kansas,25631,12785,12846
Geary County, Kansas,32594,17216,15378
Gove County, Kansas,2612,1315,1297
Graham County, Kansas,2492,1236,1256
Grant County, Kansas,7336,3684,3652
Gray County, Kansas,6033,3037,2996
Greeley County, Kansas,1227,588,639
Greenwood County, Kansas,6055,3026,3029
Hamilton County, Kansas,2607,1351,1256
Harper County, Kansas,5506,2757,2749
Harvey County, Kansas,34210,16893,17317
Haskell County, Kansas,3997,2008,1989
Hodgeman County, Kansas,1818,905,913
Jackson County, Kansas,13280,6644,6636
Jefferson County, Kansas,18975,9661,9314
Jewell County, Kansas,2841,1452,1389
Johnson County, Kansas,597555,293223,304332
Kearny County, Kansas,3943,1967,1976
Kingman County, Kansas,7310,3663,3647
Kiowa County, Kansas,2516,1234,1282
Labette County, Kansas,19964,9931,10033
Lane County, Kansas,1560,788,772
Leavenworth County, Kansas,81352,43269,38083
Lincoln County, Kansas,3023,1500,1523
Linn County, Kansas,9750,4937,4813
Logan County, Kansas,2844,1414,1430
Lyon County, Kansas,33406,16223,17183
McPherson County, Kansas,28537,13992,14545
Marion County, Kansas,11950,5943,6007
Marshall County, Kansas,9722,4841,4881
Meade County, Kansas,4146,2104,2042
Miami County, Kansas,33680,16735,16945
Mitchell County, Kansas,6150,3113,3037
Montgomery County, Kansas,32120,15909,16211
Morris County, Kansas,5521,2761,2760
Morton County, Kansas,2667,1323,1344
Nemaha County, Kansas,10155,5140,5015
Neosho County, Kansas,15951,7902,8049
Ness County, Kansas,2840,1401,1439
Norton County, Kansas,5430,3035,2395
Osage County, Kansas,15941,7989,7952
Osborne County, Kansas,3475,1756,1719
Ottawa County, Kansas,5802,3009,2793
Pawnee County, Kansas,6562,3683,2879
Phillips County, Kansas,5317,2638,2679
Pottawatomie County, Kansas,24277,12063,12214
Pratt County, Kansas,9378,4638,4740
Rawlins County, Kansas,2508,1267,1241
Reno County, Kansas,62342,31304,31038
Republic County, Kansas,4664,2305,2359
Rice County, Kansas,9531,4760,4771
Riley County, Kansas,73703,38675,35028
Rooks County, Kansas,5013,2419,2594
Rush County, Kansas,3093,1588,1505
Russell County, Kansas,6907,3406,3501
Saline County, Kansas,54401,26984,27417
Scott County, Kansas,4897,2467,2430
Sedgwick County, Kansas,513607,254106,259501
Seward County, Kansas,21780,11052,10728
Shawnee County, Kansas,177499,85958,91541
Sheridan County, Kansas,2533,1274,1259
Sherman County, Kansas,5899,2959,2940
Smith County, Kansas,3603,1792,1811
Stafford County, Kansas,4178,2121,2057
Stanton County, Kansas,1987,990,997
Stevens County, Kansas,5559,2754,2805
Sumner County, Kansas,22996,11519,11477
Thomas County, Kansas,7711,3775,3936
Trego County, Kansas,2793,1418,1375
Wabaunsee County, Kansas,6899,3527,3372
Wallace County, Kansas,1503,750,753
Washington County, Kansas,5420,2767,2653
Wichita County, Kansas,2105,1073,1032
Wilson County, Kansas,8665,4289,4376
Woodson County, Kansas,3183,1601,1582
Wyandotte County, Kansas,165324,82022,83302
Adair County, Kentucky,19215,9508,9707
Allen County, Kentucky,21122,10446,10676
Anderson County, Kentucky,22663,11107,11556
Ballard County, Kentucky,7979,3977,4002
Barren County, Kentucky,44176,21353,22823
Bath County, Kentucky,12383,6111,6272
Bell County, Kentucky,26569,13024,13545
Boone County, Kentucky,131533,65164,66369
Bourbon County, Kentucky,20184,9838,10346
Boyd County, Kentucky,47240,23510,23730
Boyle County, Kentucky,30100,14993,15107
Bracken County, Kentucky,8239,4129,4110
Breathitt County, Kentucky,12726,6366,6360
Breckinridge County, Kentucky,20388,10249,10139
Bullitt County, Kentucky,81069,40302,40767
Butler County, Kentucky,12772,6413,6359
Caldwell County, Kentucky,12715,6130,6585
Calloway County, Kentucky,39135,19061,20074
Campbell County, Kentucky,93152,45696,47456
Carlisle County, Kentucky,4771,2353,2418
Carroll County, Kentucky,10737,5412,5325
Carter County, Kentucky,27004,13290,13714
Casey County, Kentucky,15888,7702,8186
Christian County, Kentucky,71671,38320,33351
Clark County, Kentucky,36249,17704,18545
Clay County, Kentucky,20105,10467,9638
Clinton County, Kentucky,10206,5014,5192
Crittenden County, Kentucky,8915,4488,4427
Cumberland County, Kentucky,6659,3245,3414
Daviess County, Kentucky,101104,49399,51705
Edmonson County, Kentucky,12274,6161,6113
Elliott County, Kentucky,7508,4245,3263
Estill County, Kentucky,14198,7033,7165
Fayette County, Kentucky,323780,158892,164888
Fleming County, Kentucky,14432,7090,7342
Floyd County, Kentucky,35845,17523,18322
Franklin County, Kentucky,50815,24539,26276
Fulton County, Kentucky,6120,3042,3078
Gallatin County, Kentucky,8832,4473,4359
Garrard County, Kentucky,17560,8656,8904
Grant County, Kentucky,25121,12579,12542
Graves County, Kentucky,37317,18254,19063
Grayson County, Kentucky,26321,13283,13038
Green County, Kentucky,11049,5446,5603
Greenup County, Kentucky,35268,17148,18120
Hancock County, Kentucky,8758,4494,4264
Hardin County, Kentucky,110356,54969,55387
Harlan County, Kentucky,26409,12677,13732
Harrison County, Kentucky,18778,9228,9550
Hart County, Kentucky,18906,9298,9608
Henderson County, Kentucky,45591,22006,23585
Henry County, Kentucky,16106,7969,8137
Hickman County, Kentucky,4421,2084,2337
Hopkins County, Kentucky,45068,21976,23092
Jackson County, Kentucky,13442,6682,6760
Jefferson County, Kentucky,770517,372427,398090
Jessamine County, Kentucky,53920,26281,27639
Johnson County, Kentucky,22386,10971,11415
Kenton County, Kentucky,166051,82155,83896
Knott County, Kentucky,15126,7473,7653
Knox County, Kentucky,31304,15336,15968
Larue County, Kentucky,14307,7102,7205
Laurel County, Kentucky,60669,29725,30944
Lawrence County, Kentucky,15571,7758,7813
Lee County, Kentucky,7033,3810,3223
Leslie County, Kentucky,10143,5062,5081
Letcher County, Kentucky,21899,10698,11201
Lewis County, Kentucky,13257,6627,6630
Lincoln County, Kentucky,24644,12076,12568
Livingston County, Kentucky,9242,4540,4702
Logan County, Kentucky,26989,13311,13678
Lyon County, Kentucky,8009,4388,3621
McCracken County, Kentucky,65346,31393,33953
McCreary County, Kentucky,17408,9462,7946
McLean County, Kentucky,9252,4551,4701
Madison County, Kentucky,92368,44872,47496
Magoffin County, Kentucky,12362,6176,6186
Marion County, Kentucky,19404,9605,9799
Marshall County, Kentucky,31191,15281,15910
Martin County, Kentucky,11323,6219,5104
Mason County, Kentucky,17150,8305,8845
Meade County, Kentucky,28715,14460,14255
Menifee County, Kentucky,6451,3281,3170
Mercer County, Kentucky,21774,10683,11091
Metcalfe County, Kentucky,10030,4973,5057
Monroe County, Kentucky,10718,5343,5375
Montgomery County, Kentucky,28203,13790,14413
Morgan County, Kentucky,13345,7627,5718
Muhlenberg County, Kentucky,30774,15708,15066
Nelson County, Kentucky,45851,22625,23226
Nicholas County, Kentucky,7166,3550,3616
Ohio County, Kentucky,24087,11991,12096
Oldham County, Kentucky,66470,34810,31660
Owen County, Kentucky,10880,5403,5477
Owsley County, Kentucky,4472,2208,2264
Pendleton County, Kentucky,14529,7406,7123
Perry County, Kentucky,26092,12836,13256
Pike County, Kentucky,58402,28499,29903
Powell County, Kentucky,12442,6177,6265
Pulaski County, Kentucky,64623,31566,33057
Robertson County, Kentucky,2135,1079,1056
Rockcastle County, Kentucky,16750,8185,8565
Rowan County, Kentucky,24583,11905,12678
Russell County, Kentucky,17821,8756,9065
Scott County, Kentucky,56031,27650,28381
Shelby County, Kentucky,48518,23581,24937
Simpson County, Kentucky,18529,9119,9410
Spencer County, Kentucky,18794,9515,9279
Taylor County, Kentucky,25549,12483,13066
Todd County, Kentucky,12311,6129,6182
Trigg County, Kentucky,14643,7259,7384
Trimble County, Kentucky,8515,4267,4248
Union County, Kentucky,14505,7556,6949
Warren County, Kentucky,131264,64205,67059
Washington County, Kentucky,12084,5980,6104
Wayne County, Kentucky,20468,10174,10294
Webster County, Kentucky,13111,6487,6624
Whitley County, Kentucky,36242,17835,18407
Wolfe County, Kentucky,7177,3515,3662
Woodford County, Kentucky,26533,12773,13760
Acadia Parish, Louisiana,62190,30342,31848
Allen Parish, Louisiana,25605,14516,11089
Ascension Parish, Louisiana,124672,61555,63117
Assumption Parish, Louisiana,22300,10819,11481
Avoyelles Parish, Louisiana,40462,20408,20054
Beauregard Parish, Louisiana,37253,18888,18365
Bienville Parish, Louisiana,13308,6381,6927
Bossier Parish, Louisiana,127185,62919,64266
Caddo Parish, Louisiana,242922,114969,127953
Calcasieu Parish, Louisiana,203112,99313,103799
Caldwell Parish, Louisiana,9960,5124,4836
Cameron Parish, Louisiana,6968,3468,3500
Catahoula Parish, Louisiana,9608,5078,4530
Claiborne Parish, Louisiana,15944,9028,6916
Concordia Parish, Louisiana,19572,9931,9641
De Soto Parish, Louisiana,27436,13232,14204
East Baton Rouge Parish, Louisiana,440956,210609,230347
East Carroll Parish, Louisiana,7037,3811,3226
East Feliciana Parish, Louisiana,19305,10486,8819
Evangeline Parish, Louisiana,33443,17001,16442
Franklin Parish, Louisiana,20156,9752,10404
Grant Parish, Louisiana,22482,12576,9906
Iberia Parish, Louisiana,70941,34708,36233
Iberville Parish, Louisiana,32721,16553,16168
Jackson Parish, Louisiana,15902,8158,7744
Jefferson Parish, Louisiana,434051,210118,223933
Jefferson Davis Parish, Louisiana,31582,15468,16114
Lafayette Parish, Louisiana,242782,118148,124634
Lafourche Parish, Louisiana,98115,48123,49992
LaSalle Parish, Louisiana,14917,7732,7185
Lincoln Parish, Louisiana,47196,22948,24248
Livingston Parish, Louisiana,139567,68810,70757
Madison Parish, Louisiana,11161,5540,5621
Morehouse Parish, Louisiana,25398,12212,13186
Natchitoches Parish, Louisiana,38659,18589,20070
Orleans Parish, Louisiana,391006,185068,205938
Ouachita Parish, Louisiana,154475,74050,80425
Plaquemines Parish, Louisiana,23410,11805,11605
Pointe Coupee Parish, Louisiana,21940,10543,11397
Rapides Parish, Louisiana,130562,63168,67394
Red River Parish, Louisiana,8477,4078,4399
Richland Parish, Louisiana,20192,9852,10340
Sabine Parish, Louisiana,24032,11862,12170
St. Bernard Parish, Louisiana,46721,22896,23825
St. Charles Parish, Louisiana,52879,25940,26939
St. Helena Parish, Louisiana,10262,4947,5315
St. James Parish, Louisiana,21037,10161,10876
St. John the Baptist Parish, Louisiana,43184,21066,22118
St. Landry Parish, Louisiana,82764,39950,42814
St. Martin Parish, Louisiana,53621,26359,27262
St. Mary Parish, Louisiana,49774,24545,25229
St. Tammany Parish, Louisiana,258111,125280,132831
Tangipahoa Parish, Louisiana,133777,64790,68987
Tensas Parish, Louisiana,4462,2158,2304
Terrebonne Parish, Louisiana,111021,54649,56372
Union Parish, Louisiana,22330,11056,11274
Vermilion Parish, Louisiana,59830,28974,30856
Vernon Parish, Louisiana,48860,26045,22815
Washington Parish, Louisiana,46582,23027,23555
Webster Parish, Louisiana,38798,18861,19937
West Baton Rouge Parish, Louisiana,26427,13047,13380
West Carroll Parish, Louisiana,10982,5588,5394
West Feliciana Parish, Louisiana,15460,10106,5354
Winn Parish, Louisiana,14134,7575,6559
Androscoggin County, Maine,107679,52706,54973
Aroostook County, Maine,67111,33186,33925
Cumberland County, Maine,293557,142464,151093
Franklin County, Maine,29897,14676,15221
Hancock County, Maine,54811,26549,28262
Kennebec County, Maine,122083,59519,62564
Knox County, Maine,39771,19617,20154
Lincoln County, Maine,34342,16852,17490
Oxford County, Maine,57618,28505,29113
Penobscot County, Maine,151096,74754,76342
Piscataquis County, Maine,16800,8378,8422
Sagadahoc County, Maine,35634,17314,18320
Somerset County, Maine,50592,25163,25429
Waldo County, Maine,39694,19517,20177
Washington County, Maine,31490,15567,15923
York County, Maine,206229,100606,105623
Allegany County, Maryland,70975,36998,33977
Anne Arundel County, Maryland,576031,285333,290698
Baltimore County, Maryland,828431,392710,435721
Calvert County, Maryland,92003,45613,46390
Caroline County, Maryland,33304,16326,16978
Carroll County, Maryland,168429,83295,85134
Cecil County, Maryland,102826,51039,51787
Charles County, Maryland,161503,77776,83727
Dorchester County, Maryland,31998,15211,16787
Frederick County, Maryland,255648,126126,129522
Garrett County, Maryland,29163,14389,14774
Harford County, Maryland,253956,124388,129568
Howard County, Maryland,323196,158137,165059
Kent County, Maryland,19383,9242,10141
Montgomery County, Maryland,1052567,508919,543648
Prince George's County, Maryland,909308,437746,471562
Queen Anne's County, Maryland,50251,24945,25306
St. Mary's County, Maryland,112664,56159,56505
Somerset County, Maryland,25675,13878,11797
Talbot County, Maryland,36968,17461,19507
Washington County, Maryland,150926,76833,74093
Wicomico County, Maryland,103195,48895,54300
Worcester County, Maryland,51823,25127,26696
Baltimore city, Maryland,602495,282375,320120
Barnstable County, Massachusetts,213413,102092,111321
Berkshire County, Massachusetts,126348,61187,65161
Bristol County, Massachusetts,564022,273143,290879
Dukes County, Massachusetts,17352,8557,8795
Essex County, Massachusetts,790638,381264,409374
Franklin County, Massachusetts,70963,34435,36528
Hampden County, Massachusetts,470406,227388,243018
Hampshire County, Massachusetts,161355,75345,86010
Middlesex County, Massachusetts,1614714,790488,824226
Nantucket County, Massachusetts,11327,5769,5558
Norfolk County, Massachusetts,705388,339234,366154
Plymouth County, Massachusetts,518132,251872,266260
Suffolk County, Massachusetts,807252,390083,417169
Worcester County, Massachusetts,830839,409671,421168
Alcona County, Michigan,10362,5224,5138
Alger County, Michigan,9097,5033,4064
Allegan County, Michigan,117327,58615,58712
Alpena County, Michigan,28360,13976,14384
Antrim County, Michigan,23365,11617,11748
Arenac County, Michigan,15041,7584,7457
Baraga County, Michigan,8320,4586,3734
Barry County, Michigan,61157,30784,30373
Bay County, Michigan,103923,51068,52855
Benzie County, Michigan,17753,8814,8939
Berrien County, Michigan,154141,75450,78691
Branch County, Michigan,43622,22485,21137
Calhoun County, Michigan,134487,65817,68670
Cass County, Michigan,51653,25919,25734
Charlevoix County, Michigan,26244,12988,13256
Cheboygan County, Michigan,25413,12673,12740
Chippewa County, Michigan,37517,20711,16806
Clare County, Michigan,30757,15375,15382
Clinton County, Michigan,79332,39234,40098
Crawford County, Michigan,13901,7062,6839
Delta County, Michigan,35857,17808,18049
Dickinson County, Michigan,25383,12723,12660
Eaton County, Michigan,109826,53971,55855
Emmet County, Michigan,33308,16414,16894
Genesee County, Michigan,406892,196242,210650
Gladwin County, Michigan,25337,12814,12523
Gogebic County, Michigan,15096,8126,6970
Grand Traverse County, Michigan,92573,45296,47277
Gratiot County, Michigan,40599,21804,18795
Hillsdale County, Michigan,45749,22763,22986
Houghton County, Michigan,36219,19588,16631
Huron County, Michigan,31166,15439,15727
Ingham County, Michigan,292735,142571,150164
Ionia County, Michigan,64210,34441,29769
Iosco County, Michigan,25081,12437,12644
Iron County, Michigan,11117,5548,5569
Isabella County, Michigan,70562,34331,36231
Jackson County, Michigan,158823,81111,77712
Kalamazoo County, Michigan,264870,129661,135209
Kalkaska County, Michigan,17824,9146,8678
Kent County, Michigan,653786,322336,331450
Keweenaw County, Michigan,2113,1085,1028
Lake County, Michigan,11881,6041,5840
Lapeer County, Michigan,88028,44635,43393
Leelanau County, Michigan,21764,10748,11016
Lenawee County, Michigan,98266,49663,48603
Livingston County, Michigan,191224,95837,95387
Luce County, Michigan,6283,3699,2584
Mackinac County, Michigan,10787,5508,5279
Macomb County, Michigan,874759,425844,448915
Manistee County, Michigan,24528,12682,11846
Marquette County, Michigan,66516,33344,33172
Mason County, Michigan,29100,14447,14653
Mecosta County, Michigan,43545,21849,21696
Menominee County, Michigan,22983,11696,11287
Midland County, Michigan,83209,41035,42174
Missaukee County, Michigan,15113,7682,7431
Monroe County, Michigan,150439,74251,76188
Montcalm County, Michigan,63968,33093,30875
Montmorency County, Michigan,9265,4722,4543
Muskegon County, Michigan,173588,86240,87348
Newaygo County, Michigan,48892,24542,24350
Oakland County, Michigan,1259201,617094,642107
Oceana County, Michigan,26625,13491,13134
Ogemaw County, Michigan,20952,10439,10513
Ontonagon County, Michigan,5795,2943,2852
Osceola County, Michigan,23341,11772,11569
Oscoda County, Michigan,8276,4242,4034
Otsego County, Michigan,24665,12228,12437
Ottawa County, Michigan,290494,143564,146930
Presque Isle County, Michigan,12738,6334,6404
Roscommon County, Michigan,23884,11957,11927
Saginaw County, Michigan,190800,92674,98126
St. Clair County, Michigan,159337,79205,80132
St. Joseph County, Michigan,61043,30446,30597
Sanilac County, Michigan,41182,20546,20636
Schoolcraft County, Michigan,8068,3980,4088
Shiawassee County, Michigan,68192,33706,34486
Tuscola County, Michigan,52516,26385,26131
Van Buren County, Michigan,75448,37451,37997
Washtenaw County, Michigan,370963,184083,186880
Wayne County, Michigan,1753893,844609,909284
Wexford County, Michigan,33466,16766,16700
Aitkin County, Minnesota,15902,8034,7868
Anoka County, Minnesota,353813,176976,176837
Becker County, Minnesota,34371,17140,17231
Beltrami County, Minnesota,46847,23406,23441
Benton County, Minnesota,40545,20233,20312
Big Stone County, Minnesota,4989,2475,2514
Blue Earth County, Minnesota,67427,33935,33492
Brown County, Minnesota,25111,12509,12602
Carlton County, Minnesota,35837,18690,17147
Carver County, Minnesota,103551,51395,52156
Cass County, Minnesota,29519,15078,14441
Chippewa County, Minnesota,11924,5986,5938
Chisago County, Minnesota,55922,28861,27061
Clay County, Minnesota,63955,31670,32285
Clearwater County, Minnesota,8810,4504,4306
Cook County, Minnesota,5393,2698,2695
Cottonwood County, Minnesota,11277,5636,5641
Crow Wing County, Minnesota,64889,32283,32606
Dakota County, Minnesota,425423,209855,215568
Dodge County, Minnesota,20822,10395,10427
Douglas County, Minnesota,37964,18993,18971
Faribault County, Minnesota,13758,6875,6883
Fillmore County, Minnesota,21058,10563,10495
Freeborn County, Minnesota,30444,15158,15286
Goodhue County, Minnesota,46403,23012,23391
Grant County, Minnesota,6021,3023,2998
Hennepin County, Minnesota,1259428,623200,636228
Houston County, Minnesota,18578,9328,9250
Hubbard County, Minnesota,21332,10829,10503
Isanti County, Minnesota,39966,20210,19756
Itasca County, Minnesota,45108,22797,22311
Jackson County, Minnesota,9911,5073,4838
Kanabec County, Minnesota,16207,8159,8048
Kandiyohi County, Minnesota,42855,21576,21279
Kittson County, Minnesota,4248,2138,2110
Koochiching County, Minnesota,12440,6225,6215
Lac qui Parle County, Minnesota,6658,3347,3311
Lake County, Minnesota,10658,5488,5170
Lake of the Woods County, Minnesota,3758,1966,1792
Le Sueur County, Minnesota,28494,14369,14125
Lincoln County, Minnesota,5673,2861,2812
Lyon County, Minnesota,25629,12789,12840
McLeod County, Minnesota,35873,17925,17948
Mahnomen County, Minnesota,5519,2781,2738
Marshall County, Minnesota,9390,4738,4652
Martin County, Minnesota,19785,9804,9981
Meeker County, Minnesota,23141,11783,11358
Mille Lacs County, Minnesota,26139,13139,13000
Morrison County, Minnesota,33169,16745,16424
Mower County, Minnesota,40011,20124,19887
Murray County, Minnesota,8276,4140,4136
Nicollet County, Minnesota,34220,17295,16925
Nobles County, Minnesota,21924,11300,10624
Norman County, Minnesota,6475,3262,3213
Olmsted County, Minnesota,156277,76246,80031
Otter Tail County, Minnesota,58812,29588,29224
Pennington County, Minnesota,14178,7032,7146
Pine County, Minnesota,29483,15830,13653
Pipestone County, Minnesota,9047,4406,4641
Polk County, Minnesota,31529,15828,15701
Pope County, Minnesota,11097,5665,5432
Ramsey County, Minnesota,550210,268571,281639
Red Lake County, Minnesota,3999,2042,1957
Redwood County, Minnesota,15249,7611,7638
Renville County, Minnesota,14612,7427,7185
Rice County, Minnesota,66523,33901,32622
Rock County, Minnesota,9414,4636,4778
Roseau County, Minnesota,15150,7795,7355
St. Louis County, Minnesota,199754,100283,99471
Scott County, Minnesota,147381,73440,73941
Sherburne County, Minnesota,96036,49201,46835
Sibley County, Minnesota,15028,7560,7468
Stearns County, Minnesota,159256,80406,78850
Steele County, Minnesota,36803,18326,18477
Stevens County, Minnesota,9753,4850,4903
Swift County, Minnesota,9345,4725,4620
Todd County, Minnesota,24582,12672,11910
Traverse County, Minnesota,3308,1659,1649
Wabasha County, Minnesota,21645,10845,10800
Wadena County, Minnesota,13773,6815,6958
Waseca County, Minnesota,18691,9008,9683
Washington County, Minnesota,259201,128076,131125
Watonwan County, Minnesota,10980,5426,5554
Wilkin County, Minnesota,6254,3228,3026
Winona County, Minnesota,50825,25133,25692
Wright County, Minnesota,136349,68848,67501
Yellow Medicine County, Minnesota,9795,4948,4847
Adams County, Mississippi,31192,16249,14943
Alcorn County, Mississippi,36925,18024,18901
Amite County, Mississippi,12326,5967,6359
Attala County, Mississippi,18365,8698,9667
Benton County, Mississippi,8271,4100,4171
Bolivar County, Mississippi,31333,14557,16776
Calhoun County, Mississippi,14436,6942,7494
Carroll County, Mississippi,9911,5012,4899
Chickasaw County, Mississippi,17171,8439,8732
Choctaw County, Mississippi,8278,4044,4234
Claiborne County, Mississippi,9002,4265,4737
Clarke County, Mississippi,15604,7297,8307
Clay County, Mississippi,19386,9080,10306
Coahoma County, Mississippi,22628,10487,12141
Copiah County, Mississippi,28543,13737,14806
Covington County, Mississippi,18853,9184,9669
DeSoto County, Mississippi,182001,87795,94206
Forrest County, Mississippi,75036,35611,39425
Franklin County, Mississippi,7788,3828,3960
George County, Mississippi,24250,12260,11990
Greene County, Mississippi,13586,7859,5727
Grenada County, Mississippi,21055,10015,11040
Hancock County, Mississippi,47334,23137,24197
Harrison County, Mississippi,206650,101231,105419
Hinds County, Mississippi,237085,110637,126448
Holmes County, Mississippi,17622,8422,9200
Humphreys County, Mississippi,8257,3886,4371
Issaquena County, Mississippi,1308,774,534
Itawamba County, Mississippi,23517,11594,11923
Jackson County, Mississippi,143277,70502,72775
Jasper County, Mississippi,16428,7947,8481
Jefferson County, Mississippi,7106,3489,3617
Jefferson Davis County, Mississippi,11234,5315,5919
Jones County, Mississippi,68461,33256,35205
Kemper County, Mississippi,10027,5021,5006
Lafayette County, Mississippi,54793,26552,28241
Lamar County, Mississippi,62447,30001,32446
Lauderdale County, Mississippi,75317,36501,38816
Lawrence County, Mississippi,12455,6044,6411
Leake County, Mississippi,22763,11752,11011
Lee County, Mississippi,85202,40726,44476
Leflore County, Mississippi,28919,13483,15436
Lincoln County, Mississippi,34205,16296,17909
Lowndes County, Mississippi,58930,28055,30875
Madison County, Mississippi,105630,50599,55031
Marion County, Mississippi,24715,11946,12769
Marshall County, Mississippi,35451,17596,17855
Monroe County, Mississippi,35564,16944,18620
Montgomery County, Mississippi,10023,4784,5239
Neshoba County, Mississippi,29125,13866,15259
Newton County, Mississippi,21443,10259,11184
Noxubee County, Mississippi,10535,4968,5567
Oktibbeha County, Mississippi,49599,24736,24863
Panola County, Mississippi,34178,16423,17755
Pearl River County, Mississippi,55387,27264,28123
Perry County, Mississippi,11931,5833,6098
Pike County, Mississippi,39563,18653,20910
Pontotoc County, Mississippi,31833,15572,16261
Prentiss County, Mississippi,25315,12417,12898
Quitman County, Mississippi,7051,3277,3774
Rankin County, Mississippi,153902,74073,79829
Scott County, Mississippi,28287,13883,14404
Sharkey County, Mississippi,4377,2091,2286
Simpson County, Mississippi,26758,12986,13772
Smith County, Mississippi,16002,7689,8313
Stone County, Mississippi,18717,9455,9262
Sunflower County, Mississippi,25735,13737,11998
Tallahatchie County, Mississippi,13987,7776,6211
Tate County, Mississippi,28759,13850,14909
Tippah County, Mississippi,21995,10718,11277
Tishomingo County, Mississippi,19454,9452,10002
Tunica County, Mississippi,9944,4650,5294
Union County, Mississippi,28606,14016,14590
Walthall County, Mississippi,14465,6968,7497
Warren County, Mississippi,46176,21990,24186
Washington County, Mississippi,45063,20889,24174
Wayne County, Mississippi,20298,9749,10549
Webster County, Mississippi,9788,4779,5009
Wilkinson County, Mississippi,8792,4714,4078
Winston County, Mississippi,18165,8867,9298
Yalobusha County, Mississippi,12392,5934,6458
Yazoo County, Mississippi,28248,16261,11987
Adair County, Missouri,25339,12194,13145
Andrew County, Missouri,17607,8746,8861
Atchison County, Missouri,5171,2572,2599
Audrain County, Missouri,25473,11687,13786
Barry County, Missouri,35886,18147,17739
Barton County, Missouri,11798,5807,5991
Bates County, Missouri,16320,8069,8251
Benton County, Missouri,19278,9663,9615
Bollinger County, Missouri,12169,6120,6049
Boone County, Missouri,180005,87247,92758
Buchanan County, Missouri,88571,44705,43866
Butler County, Missouri,42639,20715,21924
Caldwell County, Missouri,9108,4620,4488
Callaway County, Missouri,44889,22949,21940
Camden County, Missouri,45815,22792,23023
Cape Girardeau County, Missouri,78753,38191,40562
Carroll County, Missouri,8743,4247,4496
Carter County, Missouri,6054,2926,3128
Cass County, Missouri,104954,51161,53793
Cedar County, Missouri,14165,7075,7090
Chariton County, Missouri,7451,3699,3752
Christian County, Missouri,86983,42666,44317
Clark County, Missouri,6842,3495,3347
Clay County, Missouri,246365,120984,125381
Clinton County, Missouri,20470,10296,10174
Cole County, Missouri,76796,38795,38001
Cooper County, Missouri,17603,9196,8407
Crawford County, Missouri,23957,11883,12074
Dade County, Missouri,7569,3866,3703
Dallas County, Missouri,16762,8364,8398
Daviess County, Missouri,8313,4193,4120
DeKalb County, Missouri,12630,7905,4725
Dent County, Missouri,15441,7691,7750
Douglas County, Missouri,13373,6692,6681
Dunklin County, Missouri,29423,14075,15348
Franklin County, Missouri,103670,51520,52150
Gasconade County, Missouri,14705,7340,7365
Gentry County, Missouri,6628,3198,3430
Greene County, Missouri,291923,141855,150068
Grundy County, Missouri,9914,4824,5090
Harrison County, Missouri,8414,4155,4259
Henry County, Missouri,21792,10691,11101
Hickory County, Missouri,9509,4700,4809
Holt County, Missouri,4404,2154,2250
Howard County, Missouri,10137,5064,5073
Howell County, Missouri,40076,19500,20576
Iron County, Missouri,10177,5069,5108
Jackson County, Missouri,700307,338751,361556
Jasper County, Missouri,120636,58923,61713
Jefferson County, Missouri,224347,111370,112977
Johnson County, Missouri,53652,27578,26074
Knox County, Missouri,3947,1974,1973
Laclede County, Missouri,35713,17552,18161
Lafayette County, Missouri,32598,16169,16429
Lawrence County, Missouri,38359,19039,19320
Lewis County, Missouri,9855,4950,4905
Lincoln County, Missouri,57686,28843,28843
Linn County, Missouri,12037,5868,6169
Livingston County, Missouri,15146,6589,8557
McDonald County, Missouri,23078,11647,11431
Macon County, Missouri,15153,7505,7648
Madison County, Missouri,12188,5961,6227
Maries County, Missouri,8769,4401,4368
Marion County, Missouri,28592,13924,14668
Mercer County, Missouri,3641,1851,1790
Miller County, Missouri,25336,12645,12691
Mississippi County, Missouri,13336,7219,6117
Moniteau County, Missouri,16121,8567,7554
Monroe County, Missouri,8664,4388,4276
Montgomery County, Missouri,11534,5785,5749
Morgan County, Missouri,20358,10198,10160
New Madrid County, Missouri,17296,8307,8989
Newton County, Missouri,58266,29061,29205
Nodaway County, Missouri,22304,11244,11060
Oregon County, Missouri,10541,5180,5361
Osage County, Missouri,13714,7066,6648
Ozark County, Missouri,9017,4523,4494
Pemiscot County, Missouri,16272,7688,8584
Perry County, Missouri,19150,9567,9583
Pettis County, Missouri,42542,21117,21425
Phelps County, Missouri,44732,23354,21378
Pike County, Missouri,18504,10265,8239
Platte County, Missouri,102985,50760,52225
Polk County, Missouri,32201,15824,16377
Pulaski County, Missouri,52014,29387,22627
Putnam County, Missouri,4757,2399,2358
Ralls County, Missouri,10212,5129,5083
Randolph County, Missouri,24763,12919,11844
Ray County, Missouri,22883,11430,11453
Reynolds County, Missouri,6254,3221,3033
Ripley County, Missouri,13401,6656,6745
St. Charles County, Missouri,399182,196224,202958
St. Clair County, Missouri,9395,4721,4674
Ste. Genevieve County, Missouri,17888,9067,8821
St. Francois County, Missouri,66692,35620,31072
St. Louis County, Missouri,996945,472887,524058
Saline County, Missouri,22895,11420,11475
Schuyler County, Missouri,4599,2284,2315
Scotland County, Missouri,4966,2457,2509
Scott County, Missouri,38458,18682,19776
Shannon County, Missouri,8189,4097,4092
Shelby County, Missouri,6050,3012,3038
Stoddard County, Missouri,29206,14415,14791
Stone County, Missouri,31749,15553,16196
Sullivan County, Missouri,6221,3195,3026
Taney County, Missouri,55852,27022,28830
Texas County, Missouri,25571,13430,12141
Vernon County, Missouri,20528,10037,10491
Warren County, Missouri,34711,17325,17386
Washington County, Missouri,24943,12838,12105
Wayne County, Missouri,13122,6454,6668
Webster County, Missouri,39109,19965,19144
Worth County, Missouri,2040,984,1056
Wright County, Missouri,18378,9025,9353
St. Louis city, Missouri,302838,146552,156286
Beaverhead County, Montana,9404,4834,4570
Big Horn County, Montana,13338,6641,6697
Blaine County, Montana,6807,3420,3387
Broadwater County, Montana,6085,3115,2970
Carbon County, Montana,10714,5419,5295
Carter County, Montana,1238,615,623
Cascade County, Montana,81643,41285,40358
Chouteau County, Montana,5745,2872,2873
Custer County, Montana,11586,5806,5780
Daniels County, Montana,1747,901,846
Dawson County, Montana,8680,4472,4208
Deer Lodge County, Montana,9131,4878,4253
Fallon County, Montana,2920,1479,1441
Fergus County, Montana,11113,5698,5415
Flathead County, Montana,102106,50896,51210
Gallatin County, Montana,111876,58096,53780
Garfield County, Montana,1268,639,629
Glacier County, Montana,13747,6658,7089
Golden Valley County, Montana,826,413,413
Granite County, Montana,3378,1723,1655
Hill County, Montana,16347,8216,8131
Jefferson County, Montana,12097,6111,5986
Judith Basin County, Montana,1952,1009,943
Lake County, Montana,30250,14927,15323
Lewis and Clark County, Montana,68700,33960,34740
Liberty County, Montana,2430,1172,1258
Lincoln County, Montana,19794,9985,9809
McCone County, Montana,1675,860,815
Madison County, Montana,8768,4692,4076
Meagher County, Montana,1866,943,923
Mineral County, Montana,4316,2200,2116
Missoula County, Montana,118791,59514,59277
Musselshell County, Montana,4651,2342,2309
Park County, Montana,16736,8436,8300
Petroleum County, Montana,513,279,234
Phillips County, Montana,4074,2047,2027
Pondera County, Montana,5972,2975,2997
Powder River County, Montana,1716,850,866
Powell County, Montana,6968,4351,2617
Prairie County, Montana,1087,553,534
Ravalli County, Montana,43172,21410,21762
Richland County, Montana,10913,5694,5219
Roosevelt County, Montana,11059,5528,5531
Rosebud County, Montana,9063,4564,4499
Sanders County, Montana,11844,6070,5774
Sheridan County, Montana,3424,1735,1689
Silver Bow County, Montana,34993,17567,17426
Stillwater County, Montana,9534,4882,4652
Sweet Grass County, Montana,3710,1895,1815
Teton County, Montana,6162,3032,3130
Toole County, Montana,4853,2711,2142
Treasure County, Montana,679,340,339
Valley County, Montana,7437,3727,3710
Wheatland County, Montana,2236,1151,1085
Wibaux County, Montana,1034,535,499
Yellowstone County, Montana,160137,78729,81408
Adams County, Nebraska,31511,15706,15805
Antelope County, Nebraska,6336,3184,3152
Arthur County, Nebraska,465,230,235
Banner County, Nebraska,730,350,380
Blaine County, Nebraska,476,240,236
Boone County, Nebraska,5239,2623,2616
Box Butte County, Nebraska,10772,5356,5416
Boyd County, Nebraska,1955,981,974
Brown County, Nebraska,2973,1450,1523
Buffalo County, Nebraska,49615,24823,24792
Burt County, Nebraska,6488,3220,3268
Butler County, Nebraska,8058,4074,3984
Cass County, Nebraska,26159,13179,12980
Cedar County, Nebraska,8446,4275,4171
Chase County, Nebraska,3977,1970,2007
Cherry County, Nebraska,5761,2921,2840
Cheyenne County, Nebraska,9310,4682,4628
Clay County, Nebraska,6214,3190,3024
Colfax County, Nebraska,10881,5796,5085
Cuming County, Nebraska,8940,4479,4461
Custer County, Nebraska,10840,5396,5444
Dakota County, Nebraska,20083,10177,9906
Dawes County, Nebraska,8716,4348,4368
Dawson County, Nebraska,23709,12326,11383
Deuel County, Nebraska,1825,905,920
Dixon County, Nebraska,5709,2908,2801
Dodge County, Nebraska,36791,18257,18534
Douglas County, Nebraska,566880,279878,287002
Dundy County, Nebraska,1770,885,885
Fillmore County, Nebraska,5527,2764,2763
Franklin County, Nebraska,3023,1488,1535
Frontier County, Nebraska,2608,1333,1275
Furnas County, Nebraska,4715,2348,2367
Gage County, Nebraska,21493,10735,10758
Garden County, Nebraska,1897,992,905
Garfield County, Nebraska,1987,992,995
Gosper County, Nebraska,1996,1023,973
Grant County, Nebraska,660,349,311
Greeley County, Nebraska,2356,1160,1196
Hall County, Nebraska,61607,31080,30527
Hamilton County, Nebraska,9280,4658,4622
Harlan County, Nebraska,3401,1762,1639
Hayes County, Nebraska,916,474,442
Hitchcock County, Nebraska,2806,1413,1393
Holt County, Nebraska,10178,5088,5090
Hooker County, Nebraska,682,329,353
Howard County, Nebraska,6468,3281,3187
Jefferson County, Nebraska,7097,3511,3586
Johnson County, Nebraska,5134,3019,2115
Kearney County, Nebraska,6544,3264,3280
Keith County, Nebraska,8021,4046,3975
Keya Paha County, Nebraska,810,393,417
Kimball County, Nebraska,3618,1816,1802
Knox County, Nebraska,8419,4167,4252
Lancaster County, Nebraska,317272,159223,158049
Lincoln County, Nebraska,35185,17409,17776
Logan County, Nebraska,749,396,353
Loup County, Nebraska,618,315,303
McPherson County, Nebraska,492,251,241
Madison County, Nebraska,35392,17509,17883
Merrick County, Nebraska,7733,3875,3858
Morrill County, Nebraska,4686,2405,2281
Nance County, Nebraska,3532,1754,1778
Nemaha County, Nebraska,6958,3479,3479
Nuckolls County, Nebraska,4195,2085,2110
Otoe County, Nebraska,15985,7929,8056
Pawnee County, Nebraska,2632,1296,1336
Perkins County, Nebraska,2929,1492,1437
Phelps County, Nebraska,8996,4511,4485
Pierce County, Nebraska,7142,3615,3527
Platte County, Nebraska,33363,16904,16459
Polk County, Nebraska,5278,2605,2673
Red Willow County, Nebraska,10726,5337,5389
Richardson County, Nebraska,7937,3990,3947
Rock County, Nebraska,1360,685,675
Saline County, Nebraska,14350,7344,7006
Sarpy County, Nebraska,184459,92307,92152
Saunders County, Nebraska,21303,10772,10531
Scotts Bluff County, Nebraska,35989,17515,18474
Seward County, Nebraska,17318,8857,8461
Sheridan County, Nebraska,5190,2546,2644
Sherman County, Nebraska,3038,1492,1546
Sioux County, Nebraska,1187,609,578
Stanton County, Nebraska,5970,3026,2944
Thayer County, Nebraska,5039,2507,2532
Thomas County, Nebraska,720,370,350
Thurston County, Nebraska,7303,3605,3698
Valley County, Nebraska,4190,2079,2111
Washington County, Nebraska,20667,10357,10310
Wayne County, Nebraska,9403,4726,4677
Webster County, Nebraska,3533,1758,1775
Wheeler County, Nebraska,805,411,394
York County, Nebraska,13772,6742,7030
Churchill County, Nevada,24440,12410,12030
Clark County, Nevada,2231647,1112805,1118842
Douglas County, Nevada,48467,24356,24111
Elko County, Nevada,52460,27242,25218
Esmeralda County, Nevada,826,456,370
Eureka County, Nevada,2003,1058,945
Humboldt County, Nevada,16786,8749,8037
Lander County, Nevada,5575,2855,2720
Lincoln County, Nevada,5201,2791,2410
Lyon County, Nevada,55808,28540,27268
Mineral County, Nevada,4514,2235,2279
Nye County, Nevada,45346,23201,22145
Pershing County, Nevada,6666,4294,2372
Storey County, Nevada,4029,2061,1968
Washoe County, Nevada,465735,234560,231175
White Pine County, Nevada,9475,5503,3972
Carson City, Nevada,55414,28439,26975
Belknap County, New Hampshire,61022,30141,30881
Carroll County, New Hampshire,48779,24201,24578
Cheshire County, New Hampshire,76493,37437,39056
Coos County, New Hampshire,31589,16683,14906
Grafton County, New Hampshire,89786,44377,45409
Hillsborough County, New Hampshire,415247,206632,208615
Merrimack County, New Hampshire,151132,74440,76692
Rockingham County, New Hampshire,309176,153319,155857
Strafford County, New Hampshire,130090,63739,66351
Sullivan County, New Hampshire,43144,21297,21847
Atlantic County, New Jersey,265429,128539,136890
Bergen County, New Jersey,936692,454688,482004
Burlington County, New Jersey,445384,219438,225946
Camden County, New Jersey,507078,244608,262470
Cape May County, New Jersey,92560,45218,47342
Cumberland County, New Jersey,150972,77018,73954
Essex County, New Jersey,799767,384964,414803
Gloucester County, New Jersey,291408,141789,149619
Hudson County, New Jersey,676061,336666,339395
Hunterdon County, New Jersey,124714,61767,62947
Mercer County, New Jersey,369811,180955,188856
Middlesex County, New Jersey,829685,408929,420756
Monmouth County, New Jersey,621354,302288,319066
Morris County, New Jersey,494228,242781,251447
Ocean County, New Jersey,601651,290366,311285
Passaic County, New Jersey,503310,245542,257768
Salem County, New Jersey,62607,30717,31890
Somerset County, New Jersey,331164,161879,169285
Sussex County, New Jersey,140799,69985,70814
Union County, New Jersey,558067,272270,285797
Warren County, New Jersey,105779,51787,53992
Bernalillo County, New Mexico,678701,332972,345729
Catron County, New Mexico,3578,1889,1689
Chaves County, New Mexico,64689,32098,32591
Cibola County, New Mexico,26746,13666,13080
Colfax County, New Mexico,12110,6142,5968
Curry County, New Mexico,49437,25643,23794
De Baca County, New Mexico,1781,882,899
Doña Ana County, New Mexico,217522,106762,110760
Eddy County, New Mexico,57900,29150,28750
Grant County, New Mexico,27346,13428,13918
Guadalupe County, New Mexico,4341,2473,1868
Harding County, New Mexico,655,335,320
Hidalgo County, New Mexico,4240,2101,2139
Lea County, New Mexico,69611,35768,33843
Lincoln County, New Mexico,19556,9546,10010
Los Alamos County, New Mexico,19101,9705,9396
Luna County, New Mexico,23963,12045,11918
McKinley County, New Mexico,72290,34976,37314
Mora County, New Mexico,4506,2304,2202
Otero County, New Mexico,66781,34530,32251
Quay County, New Mexico,8253,4029,4224
Rio Arriba County, New Mexico,39006,19075,19931
Roosevelt County, New Mexico,18743,9375,9368
Sandoval County, New Mexico,145179,71144,74035
San Juan County, New Mexico,125043,61898,63145
San Miguel County, New Mexico,27591,13671,13920
Santa Fe County, New Mexico,150056,72711,77345
Sierra County, New Mexico,10968,5489,5479
Socorro County, New Mexico,16735,8396,8339
Taos County, New Mexico,32835,16164,16671
Torrance County, New Mexico,15591,8264,7327
Union County, New Mexico,4118,2304,1814
Valencia County, New Mexico,76456,38350,38106
Albany County, New York,307117,148733,158384
Allegany County, New York,46430,23569,22861
Bronx County, New York,1432132,674900,757232
Broome County, New York,191659,94240,97419
Cattaraugus County, New York,76840,38148,38692
Cayuga County, New York,77145,39522,37623
Chautauqua County, New York,127939,63165,64774
Chemung County, New York,84254,41850,42404
Chenango County, New York,47536,23814,23722
Clinton County, New York,80695,41527,39168
Columbia County, New York,59916,30001,29915
Cortland County, New York,47823,23370,24453
Delaware County, New York,44527,22496,22031
Dutchess County, New York,293718,146277,147441
Erie County, New York,919719,444942,474777
Essex County, New York,37300,19255,18045
Franklin County, New York,50293,27683,22610
Fulton County, New York,53591,26670,26921
Genesee County, New York,57511,28611,28900
Greene County, New York,47491,24854,22637
Hamilton County, New York,4434,2222,2212
Herkimer County, New York,61833,30591,31242
Jefferson County, New York,111755,58764,52991
Kings County, New York,2582830,1223764,1359066
Lewis County, New York,26447,13398,13049
Livingston County, New York,63227,31760,31467
Madison County, New York,70795,34933,35862
Monroe County, New York,742474,358365,384109
Montgomery County, New York,49455,24350,25105
Nassau County, New York,1358343,661427,696916
New York City, New York,1628701,771151,857550
Niagara County, New York,210433,102493,107940
Oneida County, New York,229577,114334,115243
Onondaga County, New York,461809,222674,239135
Ontario County, New York,109864,53826,56038
Orange County, New York,381951,191531,190420
Orleans County, New York,40612,20278,20334
Oswego County, New York,117898,59114,58784
Otsego County, New York,59749,28984,30765
Putnam County, New York,98892,49406,49486
Queens County, New York,2278906,1105389,1173517
Rensselaer County, New York,159442,78763,80679
Richmond County, New York,476179,230765,245414
Rockland County, New York,325695,159777,165918
St. Lawrence County, New York,108047,55194,52853
Saratoga County, New York,230163,113980,116183
Schenectady County, New York,155350,75706,79644
Schoharie County, New York,31097,15596,15501
Schuyler County, New York,17912,8930,8982
Seneca County, New York,34300,18005,16295
Steuben County, New York,95796,47749,48047
Suffolk County, New York,1481093,729117,751976
Sullivan County, New York,75498,38865,36633
Tioga County, New York,48560,24129,24431
Tompkins County, New York,102793,50524,52269
Ulster County, New York,178599,88505,90094
Warren County, New York,64265,31572,32693
Washington County, New York,61197,31674,29523
Wayne County, New York,90064,44703,45361
Westchester County, New York,967612,468720,498892
Wyoming County, New York,40085,21705,18380
Yates County, New York,24841,12070,12771
Alamance County, North Carolina,166436,78937,87499
Alexander County, North Carolina,37353,19008,18345
Alleghany County, North Carolina,11161,5528,5633
Anson County, North Carolina,24877,12939,11938
Ashe County, North Carolina,27109,13300,13809
Avery County, North Carolina,17505,9527,7978
Beaufort County, North Carolina,47079,22487,24592
Bertie County, North Carolina,19026,9599,9427
Bladen County, North Carolina,33190,15833,17357
Brunswick County, North Carolina,136744,65301,71443
Buncombe County, North Carolina,259103,124207,134896
Burke County, North Carolina,90382,45182,45200
Cabarrus County, North Carolina,211342,102992,108350
Caldwell County, North Carolina,82029,40637,41392
Camden County, North Carolina,10710,5336,5374
Carteret County, North Carolina,69524,34054,35470
Caswell County, North Carolina,22698,11525,11173
Catawba County, North Carolina,158652,77479,81173
Chatham County, North Carolina,73139,34953,38186
Cherokee County, North Carolina,28383,13832,14551
Chowan County, North Carolina,14029,6677,7352
Clay County, North Carolina,11139,5435,5704
Cleveland County, North Carolina,97645,46924,50721
Columbus County, North Carolina,55655,27545,28110
Craven County, North Carolina,102912,52028,50884
Cumberland County, North Carolina,332330,164493,167837
Currituck County, North Carolina,27072,13404,13668
Dare County, North Carolina,36501,17998,18503
Davidson County, North Carolina,166614,81509,85105
Davie County, North Carolina,42733,20849,21884
Duplin County, North Carolina,58856,28664,30192
Durham County, North Carolina,316739,151221,165518
Edgecombe County, North Carolina,52005,24036,27969
Forsyth County, North Carolina,379099,179783,199316
Franklin County, North Carolina,67560,33391,34169
Gaston County, North Carolina,222846,107389,115457
Gates County, North Carolina,11573,5731,5842
Graham County, North Carolina,8484,4239,4245
Granville County, North Carolina,60115,30635,29480
Greene County, North Carolina,21012,11481,9531
Guilford County, North Carolina,533670,252687,280983
Halifax County, North Carolina,50574,24282,26292
Harnett County, North Carolina,134214,66478,67736
Haywood County, North Carolina,61971,29956,32015
Henderson County, North Carolina,116748,56031,60717
Hertford County, North Carolina,23659,11623,12036
Hoke County, North Carolina,54764,27067,27697
Hyde County, North Carolina,5230,2862,2368
Iredell County, North Carolina,178435,87826,90609
Jackson County, North Carolina,43327,21253,22074
Johnston County, North Carolina,202675,99289,103386
Jones County, North Carolina,9637,4721,4916
Lee County, North Carolina,61452,30064,31388
Lenoir County, North Carolina,55976,26660,29316
Lincoln County, North Carolina,83770,41594,42176
McDowell County, North Carolina,45507,22711,22796
Macon County, North Carolina,35285,17116,18169
Madison County, North Carolina,21763,10726,11037
Martin County, North Carolina,22671,10657,12014
Mecklenburg County, North Carolina,1093901,526014,567887
Mitchell County, North Carolina,15000,7393,7607
Montgomery County, North Carolina,27271,13316,13955
Moore County, North Carolina,98682,47539,51143
Nash County, North Carolina,94016,45066,48950
New Hanover County, North Carolina,232274,110744,121530
Northampton County, North Carolina,19676,9597,10079
Onslow County, North Carolina,197683,109144,88539
Orange County, North Carolina,146027,69739,76288
Pamlico County, North Carolina,12670,6412,6258
Pasquotank County, North Carolina,39639,19393,20246
Pender County, North Carolina,62162,31012,31150
Perquimans County, North Carolina,13422,6452,6970
Person County, North Carolina,39507,19115,20392
Pitt County, North Carolina,179914,84481,95433
Polk County, North Carolina,20611,9889,10722
Randolph County, North Carolina,143351,70703,72648
Richmond County, North Carolina,44887,21990,22897
Robeson County, North Carolina,131831,63581,68250
Rockingham County, North Carolina,90690,43698,46992
Rowan County, North Carolina,141262,69730,71532
Rutherford County, North Carolina,66826,32232,34594
Sampson County, North Carolina,63626,31415,32211
Scotland County, North Carolina,34810,17282,17528
Stanly County, North Carolina,62075,30979,31096
Stokes County, North Carolina,45467,22364,23103
Surry County, North Carolina,71948,35001,36947
Swain County, North Carolina,14245,6864,7381
Transylvania County, North Carolina,34215,16539,17676
Tyrrell County, North Carolina,4131,2291,1840
Union County, North Carolina,235908,115992,119916
Vance County, North Carolina,44582,20839,23743
Wake County, North Carolina,1092305,531546,560759
Warren County, North Carolina,19807,9775,10032
Washington County, North Carolina,11859,5630,6229
Watauga County, North Carolina,55945,27936,28009
Wayne County, North Carolina,123248,59930,63318
Wilkes County, North Carolina,68557,33729,34828
Wilson County, North Carolina,81455,38539,42916
Yadkin County, North Carolina,37543,18479,19064
Yancey County, North Carolina,17903,8800,9103
Adams County, North Dakota,2294,1135,1159
Barnes County, North Dakota,10542,5315,5227
Benson County, North Dakota,6962,3555,3407
Billings County, North Dakota,919,501,418
Bottineau County, North Dakota,6411,3313,3098
Bowman County, North Dakota,3076,1548,1528
Burke County, North Dakota,2100,1095,1005
Burleigh County, North Dakota,95273,47746,47527
Cass County, North Dakota,181516,91810,89706
Cavalier County, North Dakota,3829,1958,1871
Dickey County, North Dakota,4903,2435,2468
Divide County, North Dakota,2283,1194,1089
Dunn County, North Dakota,4332,2306,2026
Eddy County, North Dakota,2313,1148,1165
Emmons County, North Dakota,3295,1672,1623
Foster County, North Dakota,3216,1594,1622
Golden Valley County, North Dakota,1769,880,889
Grand Forks County, North Dakota,70770,36545,34225
Grant County, North Dakota,2374,1185,1189
Griggs County, North Dakota,2232,1149,1083
Hettinger County, North Dakota,2514,1218,1296
Kidder County, North Dakota,2450,1268,1182
LaMoure County, North Dakota,4062,2096,1966
Logan County, North Dakota,1903,983,920
McHenry County, North Dakota,5816,3012,2804
McIntosh County, North Dakota,2585,1261,1324
McKenzie County, North Dakota,13632,7277,6355
McLean County, North Dakota,9541,4867,4674
Mercer County, North Dakota,8267,4269,3998
Morton County, North Dakota,31095,15731,15364
Mountrail County, North Dakota,10218,5482,4736
Nelson County, North Dakota,2869,1472,1397
Oliver County, North Dakota,1952,1020,932
Pembina County, North Dakota,6947,3669,3278
Pierce County, North Dakota,4081,2089,1992
Ramsey County, North Dakota,11481,5783,5698
Ransom County, North Dakota,5237,2723,2514
Renville County, North Dakota,2374,1241,1133
Richland County, North Dakota,16239,8369,7870
Rolette County, North Dakota,14301,7121,7180
Sargent County, North Dakota,3870,2080,1790
Sheridan County, North Dakota,1349,677,672
Sioux County, North Dakota,4358,2173,2185
Slope County, North Dakota,763,399,364
Stark County, North Dakota,30997,16051,14946
Steele County, North Dakota,1903,995,908
Stutsman County, North Dakota,20917,10758,10159
Towner County, North Dakota,2192,1107,1085
Traill County, North Dakota,8037,4079,3958
Walsh County, North Dakota,10667,5460,5207
Ward County, North Dakota,67744,35487,32257
Wells County, North Dakota,3957,2006,1951
Williams County, North Dakota,35350,19043,16307
Adams County, Ohio,27724,13750,13974
Allen County, Ohio,102663,51787,50876
Ashland County, Ohio,53745,26466,27279
Ashtabula County, Ohio,97493,49141,48352
Athens County, Ohio,65818,32768,33050
Auglaize County, Ohio,45804,22885,22919
Belmont County, Ohio,67505,34507,32998
Brown County, Ohio,43602,21616,21986
Butler County, Ohio,382378,187579,194799
Carroll County, Ohio,27081,13557,13524
Champaign County, Ohio,38754,19307,19447
Clark County, Ohio,134585,65152,69433
Clermont County, Ohio,205466,101344,104122
Clinton County, Ohio,42057,20748,21309
Columbiana County, Ohio,102665,51934,50731
Coshocton County, Ohio,36629,18159,18470
Crawford County, Ohio,41550,20314,21236
Cuyahoga County, Ohio,1243857,593444,650413
Darke County, Ohio,51323,25478,25845
Defiance County, Ohio,38165,18932,19233
Delaware County, Ohio,204826,101563,103263
Erie County, Ohio,74615,36441,38174
Fairfield County, Ohio,155782,77509,78273
Fayette County, Ohio,28666,14095,14571
Franklin County, Ohio,1310300,640086,670214
Fulton County, Ohio,42276,21003,21273
Gallia County, Ohio,29979,14839,15140
Geauga County, Ohio,94031,46668,47363
Greene County, Ohio,167995,82804,85191
Guernsey County, Ohio,39022,19472,19550
Hamilton County, Ohio,816684,394506,422178
Hancock County, Ohio,75930,37555,38375
Hardin County, Ohio,31480,15674,15806
Harrison County, Ohio,15174,7552,7622
Henry County, Ohio,27086,13378,13708
Highland County, Ohio,43058,21138,21920
Hocking County, Ohio,28385,14083,14302
Holmes County, Ohio,43892,21977,21915
Huron County, Ohio,58504,28903,29601
Jackson County, Ohio,32384,15868,16516
Jefferson County, Ohio,65767,31955,33812
Knox County, Ohio,61893,30310,31583
Lake County, Ohio,230514,112549,117965
Lawrence County, Ohio,59866,29139,30727
Licking County, Ohio,175769,86261,89508
Logan County, Ohio,45358,22471,22887
Lorain County, Ohio,309461,152269,157192
Lucas County, Ohio,429899,208402,221497
Madison County, Ohio,44413,24092,20321
Mahoning County, Ohio,229642,112452,117190
Marion County, Ohio,65256,34658,30598
Medina County, Ohio,179146,88684,90462
Meigs County, Ohio,23106,11391,11715
Mercer County, Ohio,40959,20660,20299
Miami County, Ohio,106222,52324,53898
Monroe County, Ohio,13790,6933,6857
Montgomery County, Ohio,532331,256382,275949
Morgan County, Ohio,14604,7284,7320
Morrow County, Ohio,35112,17495,17617
Muskingum County, Ohio,86183,41821,44362
Noble County, Ohio,14354,8371,5983
Ottawa County, Ohio,40769,20227,20542
Paulding County, Ohio,18760,9357,9403
Perry County, Ohio,36033,18051,17982
Pickaway County, Ohio,58086,30479,27607
Pike County, Ohio,28067,13942,14125
Portage County, Ohio,162927,79918,83009
Preble County, Ohio,40997,20299,20698
Putnam County, Ohio,33780,16863,16917
Richland County, Ohio,121099,61512,59587
Ross County, Ohio,76931,40281,36650
Sandusky County, Ohio,58799,29117,29682
Scioto County, Ohio,75502,37285,38217
Seneca County, Ohio,55207,27592,27615
Shelby County, Ohio,48627,24423,24204
Stark County, Ohio,371574,180539,191035
Summit County, Ohio,541918,262912,279006
Trumbull County, Ohio,198627,96722,101905
Tuscarawas County, Ohio,92176,45484,46692
Union County, Ohio,57835,27731,30104
Van Wert County, Ohio,28281,14010,14271
Vinton County, Ohio,13139,6587,6552
Warren County, Ohio,232173,116699,115474
Washington County, Ohio,60155,29533,30622
Wayne County, Ohio,115967,57649,58318
Williams County, Ohio,36804,18324,18480
Wood County, Ohio,130696,64394,66302
Wyandot County, Ohio,21935,10903,11032
Adair County, Oklahoma,22082,11015,11067
Alfalfa County, Oklahoma,5754,3434,2320
Atoka County, Oklahoma,13838,7200,6638
Beaver County, Oklahoma,5319,2688,2631
Beckham County, Oklahoma,21709,11653,10056
Blaine County, Oklahoma,9485,4670,4815
Bryan County, Oklahoma,47192,23069,24123
Caddo County, Oklahoma,28977,15204,13773
Canadian County, Oklahoma,144447,71712,72735
Carter County, Oklahoma,48177,23451,24726
Cherokee County, Oklahoma,48675,23794,24881
Choctaw County, Oklahoma,14668,7036,7632
Cimarron County, Oklahoma,2153,1102,1051
Cleveland County, Oklahoma,281669,140424,141245
Coal County, Oklahoma,5520,2751,2769
Comanche County, Oklahoma,120422,62410,58012
Cotton County, Oklahoma,5776,2840,2936
Craig County, Oklahoma,14306,7328,6978
Creek County, Oklahoma,71604,35428,36176
Custer County, Oklahoma,29036,14446,14590
Delaware County, Oklahoma,42733,21050,21683
Dewey County, Oklahoma,4894,2413,2481
Ellis County, Oklahoma,3952,1940,2012
Garfield County, Oklahoma,60913,30323,30590
Garvin County, Oklahoma,27811,13727,14084
Grady County, Oklahoma,55551,27773,27778
Grant County, Oklahoma,4326,2145,2181
Greer County, Oklahoma,5821,3347,2474
Harmon County, Oklahoma,2664,1273,1391
Harper County, Oklahoma,3797,1898,1899
Haskell County, Oklahoma,12668,6331,6337
Hughes County, Oklahoma,13335,7182,6153
Jackson County, Oklahoma,24949,12392,12557
Jefferson County, Oklahoma,6123,3062,3061
Johnston County, Oklahoma,10949,5416,5533
Kay County, Oklahoma,44161,21932,22229
Kingfisher County, Oklahoma,15816,7878,7938
Kiowa County, Oklahoma,8729,4338,4391
Latimer County, Oklahoma,10231,5187,5044
Le Flore County, Oklahoma,49980,25125,24855
Lincoln County, Oklahoma,34920,17388,17532
Logan County, Oklahoma,47291,23438,23853
Love County, Oklahoma,10134,5052,5082
McClain County, Oklahoma,39985,19844,20141
McCurtain County, Oklahoma,32703,16071,16632
McIntosh County, Oklahoma,19815,9788,10027
Major County, Oklahoma,7644,3744,3900
Marshall County, Oklahoma,16806,8230,8576
Mayes County, Oklahoma,41107,20539,20568
Murray County, Oklahoma,13953,7014,6939
Muskogee County, Oklahoma,68362,33301,35061
Noble County, Oklahoma,11289,5610,5679
Nowata County, Oklahoma,10218,5095,5123
Okfuskee County, Oklahoma,12098,6523,5575
Oklahoma County, Oklahoma,792582,388135,404447
Okmulgee County, Oklahoma,38335,18967,19368
Osage County, Oklahoma,47014,23567,23447
Ottawa County, Oklahoma,31175,15313,15862
Pawnee County, Oklahoma,16390,8125,8265
Payne County, Oklahoma,82040,41905,40135
Pittsburg County, Oklahoma,43877,22362,21515
Pontotoc County, Oklahoma,38247,18570,19677
Pottawatomie County, Oklahoma,72679,34813,37866
Pushmataha County, Oklahoma,11179,5489,5690
Roger Mills County, Oklahoma,3656,1817,1839
Rogers County, Oklahoma,91984,45861,46123
Seminole County, Oklahoma,24578,12057,12521
Sequoyah County, Oklahoma,41179,20267,20912
Stephens County, Oklahoma,43265,20912,22353
Texas County, Oklahoma,20455,10943,9512
Tillman County, Oklahoma,7348,3706,3642
Tulsa County, Oklahoma,648360,316369,331991
Wagoner County, Oklahoma,80110,39674,40436
Washington County, Oklahoma,51843,25268,26575
Washita County, Oklahoma,11127,5522,5605
Woods County, Oklahoma,8897,4746,4151
Woodward County, Oklahoma,20222,10634,9588
Baker County, Oregon,16006,8146,7860
Benton County, Oregon,92101,46216,45885
Clackamas County, Oregon,416075,205076,210999
Clatsop County, Oregon,39764,19655,20109
Columbia County, Oregon,52377,26190,26187
Coos County, Oregon,64389,31756,32633
Crook County, Oregon,23867,11858,12009
Curry County, Oregon,22813,11227,11586
Deschutes County, Oregon,191996,95002,96994
Douglas County, Oregon,110283,54364,55919
Gilliam County, Oregon,1894,968,926
Grant County, Oregon,7176,3587,3589
Harney County, Oregon,7329,3738,3591
Hood River County, Oregon,23428,11711,11717
Jackson County, Oregon,219564,107102,112462
Jefferson County, Oregon,24192,12478,11714
Josephine County, Oregon,87393,42681,44712
Klamath County, Oregon,67653,33817,33836
Lake County, Oregon,7879,4201,3678
Lane County, Oregon,379611,186873,192738
Lincoln County, Oregon,49388,23815,25573
Linn County, Oregon,127335,62960,64375
Malheur County, Oregon,30725,16677,14048
Marion County, Oregon,346868,172899,173969
Morrow County, Oregon,11372,5842,5530
Multnomah County, Oregon,811880,402182,409698
Polk County, Oregon,85234,41658,43576
Sherman County, Oregon,1708,880,828
Tillamook County, Oregon,26787,13561,13226
Umatilla County, Oregon,77516,40461,37055
Union County, Oregon,26461,13158,13303
Wallowa County, Oregon,7081,3498,3583
Wasco County, Oregon,26505,13322,13183
Washington County, Oregon,597695,295687,302008
Wheeler County, Oregon,1366,677,689
Yamhill County, Oregon,107002,53571,53431
Adams County, Pennsylvania,102811,50589,52222
Allegheny County, Pennsylvania,1218452,588896,629556
Armstrong County, Pennsylvania,65263,32502,32761
Beaver County, Pennsylvania,164742,80005,84737
Bedford County, Pennsylvania,48176,24000,24176
Berks County, Pennsylvania,420152,206740,213412
Blair County, Pennsylvania,122492,59979,62513
Bradford County, Pennsylvania,60833,30157,30676
Bucks County, Pennsylvania,628195,308395,319800
Butler County, Pennsylvania,187888,93117,94771
Cambria County, Pennsylvania,131730,64770,66960
Cameron County, Pennsylvania,4492,2246,2246
Carbon County, Pennsylvania,64227,32037,32190
Centre County, Pennsylvania,162805,85643,77162
Chester County, Pennsylvania,522046,257214,264832
Clarion County, Pennsylvania,38779,18984,19795
Clearfield County, Pennsylvania,79388,41694,37694
Clinton County, Pennsylvania,38684,19036,19648
Columbia County, Pennsylvania,65456,31534,33922
Crawford County, Pennsylvania,85063,41672,43391
Cumberland County, Pennsylvania,251423,124444,126979
Dauphin County, Pennsylvania,277097,134218,142879
Delaware County, Pennsylvania,564751,271816,292935
Elk County, Pennsylvania,30169,15145,15024
Erie County, Pennsylvania,272061,134373,137688
Fayette County, Pennsylvania,130441,64616,65825
Forest County, Pennsylvania,7279,4985,2294
Franklin County, Pennsylvania,154835,76005,78830
Fulton County, Pennsylvania,14523,7355,7168
Greene County, Pennsylvania,36506,18903,17603
Huntingdon County, Pennsylvania,45168,24007,21161
Indiana County, Pennsylvania,84501,42325,42176
Jefferson County, Pennsylvania,43641,21732,21909
Juniata County, Pennsylvania,24704,12385,12319
Lackawanna County, Pennsylvania,210793,102330,108463
Lancaster County, Pennsylvania,543557,266316,277241
Lawrence County, Pennsylvania,86184,41712,44472
Lebanon County, Pennsylvania,141314,69449,71865
Lehigh County, Pennsylvania,368100,180188,187912
Luzerne County, Pennsylvania,317646,157145,160501
Lycoming County, Pennsylvania,113664,55665,57999
McKean County, Pennsylvania,40968,21054,19914
Mercer County, Pennsylvania,110683,54732,55951
Mifflin County, Pennsylvania,46222,22636,23586
Monroe County, Pennsylvania,169507,83972,85535
Montgomery County, Pennsylvania,828604,403268,425336
Montour County, Pennsylvania,18240,8814,9426
Northampton County, Pennsylvania,304807,149954,154853
Northumberland County, Pennsylvania,91083,45782,45301
Perry County, Pennsylvania,46139,23328,22811
Philadelphia County, Pennsylvania,1584138,749572,834566
Pike County, Pennsylvania,55933,28368,27565
Potter County, Pennsylvania,16622,8285,8337
Schuylkill County, Pennsylvania,142067,72796,69271
Snyder County, Pennsylvania,40540,20092,20448
Somerset County, Pennsylvania,73952,38648,35304
Sullivan County, Pennsylvania,6071,3176,2895
Susquehanna County, Pennsylvania,40589,20465,20124
Tioga County, Pennsylvania,40763,20229,20534
Union County, Pennsylvania,44785,24342,20443
Venango County, Pennsylvania,51266,25342,25924
Warren County, Pennsylvania,39498,19770,19728
Washington County, Pennsylvania,207346,101855,105491
Wayne County, Pennsylvania,51276,27158,24118
Westmoreland County, Pennsylvania,350611,171509,179102
Wyoming County, Pennsylvania,27046,13571,13475
York County, Pennsylvania,448273,221618,226655
Bristol County, Rhode Island,48649,23502,25147
Kent County, Rhode Island,163861,79191,84670
Newport County, Rhode Island,82542,40769,41773
Providence County, Rhode Island,636084,309744,326340
Washington County, Rhode Island,126179,61126,65053
Abbeville County, South Carolina,24541,11868,12673
Aiken County, South Carolina,169401,81847,87554
Allendale County, South Carolina,8903,4691,4212
Anderson County, South Carolina,200482,96527,103955
Bamberg County, South Carolina,14275,6866,7409
Barnwell County, South Carolina,21112,10069,11043
Beaufort County, South Carolina,188715,92476,96239
Berkeley County, South Carolina,221091,109817,111274
Calhoun County, South Carolina,14520,6943,7577
Charleston County, South Carolina,405905,196403,209502
Cherokee County, South Carolina,57078,27789,29289
Chester County, South Carolina,32251,15529,16722
Chesterfield County, South Carolina,45754,22259,23495
Clarendon County, South Carolina,33700,16548,17152
Colleton County, South Carolina,37660,18131,19529
Darlington County, South Carolina,66802,31517,35285
Dillon County, South Carolina,30599,14515,16084
Dorchester County, South Carolina,160647,78076,82571
Edgefield County, South Carolina,27052,14524,12528
Fairfield County, South Carolina,22402,10703,11699
Florence County, South Carolina,138159,64459,73700
Georgetown County, South Carolina,62249,29460,32789
Greenville County, South Carolina,514213,249364,264849
Greenwood County, South Carolina,70741,32949,37792
Hampton County, South Carolina,19351,9900,9451
Horry County, South Carolina,344147,165810,178337
Jasper County, South Carolina,28971,14620,14351
Kershaw County, South Carolina,65592,31622,33970
Lancaster County, South Carolina,95380,46267,49113
Laurens County, South Carolina,66994,32381,34613
Lee County, South Carolina,17142,8813,8329
Lexington County, South Carolina,295032,143554,151478
McCormick County, South Carolina,9410,5053,4357
Marion County, South Carolina,31039,14230,16809
Marlboro County, South Carolina,26398,13778,12620
Newberry County, South Carolina,38520,18793,19727
Oconee County, South Carolina,78374,38557,39817
Orangeburg County, South Carolina,86934,40548,46386
Pickens County, South Carolina,124937,62214,62723
Richland County, South Carolina,414576,200319,214257
Saluda County, South Carolina,20544,10416,10128
Spartanburg County, South Carolina,313888,152188,161700
Sumter County, South Carolina,106512,51216,55296
Union County, South Carolina,27410,12987,14423
Williamsburg County, South Carolina,30606,14492,16114
York County, South Carolina,274118,132238,141880
Aurora County, South Dakota,2801,1490,1311
Beadle County, South Dakota,18883,9619,9264
Bennett County, South Dakota,3468,1695,1773
Bon Homme County, South Dakota,6980,4131,2849
Brookings County, South Dakota,35232,18287,16945
Brown County, South Dakota,39316,19322,19994
Brule County, South Dakota,5229,2612,2617
Buffalo County, South Dakota,2036,1012,1024
Butte County, South Dakota,10222,5176,5046
Campbell County, South Dakota,1377,716,661
Charles Mix County, South Dakota,9338,4667,4671
Clark County, South Dakota,3739,1925,1814
Clay County, South Dakota,14041,7027,7014
Codington County, South Dakota,28015,14081,13934
Corson County, South Dakota,4165,2089,2076
Custer County, South Dakota,8726,4337,4389
Davison County, South Dakota,19790,9894,9896
Day County, South Dakota,5505,2807,2698
Deuel County, South Dakota,4337,2243,2094
Dewey County, South Dakota,5904,2927,2977
Douglas County, South Dakota,2935,1452,1483
Edmunds County, South Dakota,3875,1939,1936
Fall River County, South Dakota,6758,3417,3341
Faulk County, South Dakota,2330,1156,1174
Grant County, South Dakota,7147,3756,3391
Gregory County, South Dakota,4212,2167,2045
Haakon County, South Dakota,1918,954,964
Hamlin County, South Dakota,6111,3138,2973
Hand County, South Dakota,3262,1627,1635
Hanson County, South Dakota,3376,1690,1686
Harding County, South Dakota,1249,657,592
Hughes County, South Dakota,17650,8680,8970
Hutchinson County, South Dakota,7380,3605,3775
Hyde County, South Dakota,1282,666,616
Jackson County, South Dakota,3307,1662,1645
Jerauld County, South Dakota,2043,1032,1011
Jones County, South Dakota,928,458,470
Kingsbury County, South Dakota,4919,2524,2395
Lake County, South Dakota,13057,6810,6247
Lawrence County, South Dakota,25741,12867,12874
Lincoln County, South Dakota,58807,29097,29710
Lyman County, South Dakota,3821,1998,1823
McCook County, South Dakota,5546,2779,2767
McPherson County, South Dakota,2407,1192,1215
Marshall County, South Dakota,5112,2750,2362
Meade County, South Dakota,28294,14725,13569
Mellette County, South Dakota,2042,1059,983
Miner County, South Dakota,2213,1149,1064
Minnehaha County, South Dakota,192876,97356,95520
Moody County, South Dakota,6579,3272,3307
Oglala Lakota County, South Dakota,14309,7010,7299
Pennington County, South Dakota,111729,56294,55435
Perkins County, South Dakota,2922,1465,1457
Potter County, South Dakota,2207,1094,1113
Roberts County, South Dakota,10447,5254,5193
Sanborn County, South Dakota,2429,1266,1163
Spink County, South Dakota,6495,3251,3244
Stanley County, South Dakota,3022,1550,1472
Sully County, South Dakota,1392,732,660
Todd County, South Dakota,10283,5004,5279
Tripp County, South Dakota,5478,2761,2717
Turner County, South Dakota,8424,4241,4183
Union County, South Dakota,15619,7874,7745
Walworth County, South Dakota,5587,2775,2812
Yankton County, South Dakota,22869,11900,10969
Ziebach County, South Dakota,2742,1369,1373
Anderson County, Tennessee,76482,37216,39266
Bedford County, Tennessee,49038,24090,24948
Benton County, Tennessee,16184,7926,8258
Bledsoe County, Tennessee,14755,8697,6058
Blount County, Tennessee,131349,63707,67642
Bradley County, Tennessee,106727,51892,54835
Campbell County, Tennessee,39583,19454,20129
Cannon County, Tennessee,14462,7186,7276
Carroll County, Tennessee,28020,13713,14307
Carter County, Tennessee,56351,27579,28772
Cheatham County, Tennessee,40439,20093,20346
Chester County, Tennessee,17276,8309,8967
Claiborne County, Tennessee,31756,15530,16226
Clay County, Tennessee,7717,3800,3917
Cocke County, Tennessee,35774,17289,18485
Coffee County, Tennessee,55700,27208,28492
Crockett County, Tennessee,14328,6853,7475
Cumberland County, Tennessee,59673,29067,30606
Davidson County, Tennessee,692587,334279,358308
Decatur County, Tennessee,11706,5748,5958
DeKalb County, Tennessee,20138,10061,10077
Dickson County, Tennessee,53446,26248,27198
Dyer County, Tennessee,37320,17994,19326
Fayette County, Tennessee,40507,19937,20570
Fentress County, Tennessee,18217,8890,9327
Franklin County, Tennessee,41890,20459,21431
Gibson County, Tennessee,49045,23517,25528
Giles County, Tennessee,29503,14321,15182
Grainger County, Tennessee,23145,11660,11485
Greene County, Tennessee,69087,33987,35100
Grundy County, Tennessee,13346,6602,6744
Hamblen County, Tennessee,64569,31520,33049
Hamilton County, Tennessee,364286,175888,188398
Hancock County, Tennessee,6549,3231,3318
Hardeman County, Tennessee,25220,13778,11442
Hardin County, Tennessee,25776,12572,13204
Hawkins County, Tennessee,56530,27743,28787
Haywood County, Tennessee,17335,8085,9250
Henderson County, Tennessee,27847,13519,14328
Henry County, Tennessee,32358,15686,16672
Hickman County, Tennessee,25063,13172,11891
Houston County, Tennessee,8263,4058,4205
Humphreys County, Tennessee,18486,9196,9290
Jackson County, Tennessee,11758,5848,5910
Jefferson County, Tennessee,54012,26586,27426
Johnson County, Tennessee,17778,9573,8205
Knox County, Tennessee,465289,226006,239283
Lake County, Tennessee,7411,4764,2647
Lauderdale County, Tennessee,25825,13304,12521
Lawrence County, Tennessee,43734,21488,22246
Lewis County, Tennessee,12086,5893,6193
Lincoln County, Tennessee,34117,16753,17364
Loudon County, Tennessee,53054,26085,26969
McMinn County, Tennessee,53285,25975,27310
McNairy County, Tennessee,25832,12692,13140
Macon County, Tennessee,24265,11862,12403
Madison County, Tennessee,97605,46226,51379
Marion County, Tennessee,28575,13960,14615
Marshall County, Tennessee,33683,16495,17188
Maury County, Tennessee,94340,45506,48834
Meigs County, Tennessee,12306,6109,6197
Monroe County, Tennessee,46357,23088,23269
Montgomery County, Tennessee,205950,102544,103406
Moore County, Tennessee,6411,3203,3208
Morgan County, Tennessee,21579,11809,9770
Obion County, Tennessee,30267,14647,15620
Overton County, Tennessee,22068,10939,11129
Perry County, Tennessee,8064,4069,3995
Pickett County, Tennessee,5082,2542,2540
Polk County, Tennessee,16898,8325,8573
Putnam County, Tennessee,78843,39227,39616
Rhea County, Tennessee,33044,16401,16643
Roane County, Tennessee,53140,25926,27214
Robertson County, Tennessee,71012,35082,35930
Rutherford County, Tennessee,324890,159916,164974
Scott County, Tennessee,22039,10821,11218
Sequatchie County, Tennessee,14876,7363,7513
Sevier County, Tennessee,97892,47915,49977
Shelby County, Tennessee,935764,444522,491242
Smith County, Tennessee,19942,9921,10021
Stewart County, Tennessee,13561,6773,6788
Sullivan County, Tennessee,157668,76687,80981
Sumner County, Tennessee,187149,91378,95771
Tipton County, Tennessee,61581,30396,31185
Trousdale County, Tennessee,11012,6521,4491
Unicoi County, Tennessee,17761,8724,9037
Union County, Tennessee,19688,9700,9988
Van Buren County, Tennessee,5765,2886,2879
Warren County, Tennessee,40878,20227,20651
Washington County, Tennessee,128607,62829,65778
Wayne County, Tennessee,16558,9144,7414
Weakley County, Tennessee,33415,16382,17033
White County, Tennessee,27107,13262,13845
Williamson County, Tennessee,231729,113699,118030
Wilson County, Tennessee,140625,69171,71454
Anderson County, Texas,58057,35546,22511
Andrews County, Texas,18128,9274,8854
Angelina County, Texas,87092,42488,44604
Aransas County, Texas,23792,11751,12041
Archer County, Texas,8786,4326,4460
Armstrong County, Texas,1892,918,974
Atascosa County, Texas,50310,25084,25226
Austin County, Texas,29989,14954,15035
Bailey County, Texas,7027,3499,3528
Bandera County, Texas,22824,11327,11497
Bastrop County, Texas,86976,44296,42680
Baylor County, Texas,3582,1744,1838
Bee County, Texas,32587,19819,12768
Bell County, Texas,355642,176710,178932
Bexar County, Texas,1986049,980516,1005533
Blanco County, Texas,11702,5872,5830
Borden County, Texas,648,337,311
Bosque County, Texas,18691,9248,9443
Bowie County, Texas,94324,47473,46851
Brazoria County, Texas,370200,187001,183199
Brazos County, Texas,226758,114626,112132
Brewster County, Texas,9267,4684,4583
Briscoe County, Texas,1516,749,767
Brooks County, Texas,7114,3595,3519
Brown County, Texas,37924,18764,19160
Burleson County, Texas,18389,9045,9344
Burnet County, Texas,47542,23296,24246
Caldwell County, Texas,43247,21822,21425
Calhoun County, Texas,21561,11078,10483
Callahan County, Texas,13994,6930,7064
Cameron County, Texas,423908,206353,217555
Camp County, Texas,13033,6329,6704
Carson County, Texas,6005,3010,2995
Cass County, Texas,30119,14581,15538
Castro County, Texas,7665,3945,3720
Chambers County, Texas,42454,21505,20949
Cherokee County, Texas,52592,26822,25770
Childress County, Texas,7291,4434,2857
Clay County, Texas,10456,5209,5247
Cochran County, Texas,2836,1423,1413
Coke County, Texas,3370,1666,1704
Coleman County, Texas,8397,4240,4157
Collin County, Texas,1005146,494802,510344
Collingsworth County, Texas,2962,1449,1513
Colorado County, Texas,21217,10665,10552
Comal County, Texas,148373,73333,75040
Comanche County, Texas,13534,6738,6796
Concho County, Texas,4276,3020,1256
Cooke County, Texas,40574,20262,20312
Coryell County, Texas,74808,37143,37665
Cottle County, Texas,1389,674,715
Crane County, Texas,4794,2415,2379
Crockett County, Texas,3499,1747,1752
Crosby County, Texas,5779,2857,2922
Culberson County, Texas,2204,1089,1115
Dallam County, Texas,7200,3754,3446
Dallas County, Texas,2637772,1301788,1335984
Dawson County, Texas,12619,6922,5697
Deaf Smith County, Texas,18760,9369,9391
Delta County, Texas,5349,2661,2688
Denton County, Texas,859064,422725,436339
DeWitt County, Texas,20187,10602,9585
Dickens County, Texas,2249,1245,1004
Dimmit County, Texas,10308,5071,5237
Donley County, Texas,3319,1630,1689
Duval County, Texas,11212,5780,5432
Eastland County, Texas,18322,9149,9173
Ector County, Texas,162124,82485,79639
Edwards County, Texas,1928,1019,909
Ellis County, Texas,179436,88513,90923
El Paso County, Texas,840758,414214,426544
Erath County, Texas,42446,20784,21662
Falls County, Texas,17335,8230,9105
Fannin County, Texas,35286,18731,16555
Fayette County, Texas,25349,12456,12893
Fisher County, Texas,3839,1903,1936
Floyd County, Texas,5837,2942,2895
Foard County, Texas,1200,583,617
Fort Bend County, Texas,787858,386599,401259
Franklin County, Texas,10766,5350,5416
Freestone County, Texas,19808,10281,9527
Frio County, Texas,19816,11753,8063
Gaines County, Texas,20901,10598,10303
Galveston County, Texas,337890,166132,171758
Garza County, Texas,6578,4355,2223
Gillespie County, Texas,26804,13054,13750
Glasscock County, Texas,1388,765,623
Goliad County, Texas,7584,3756,3828
Gonzales County, Texas,20826,10517,10309
Gray County, Texas,21895,11615,10280
Grayson County, Texas,133991,65368,68623
Gregg County, Texas,123707,60112,63595
Grimes County, Texas,28360,15432,12928
Guadalupe County, Texas,163694,81018,82676
Hale County, Texas,33830,17658,16172
Hall County, Texas,3028,1499,1529
Hamilton County, Texas,8484,4218,4266
Hansford County, Texas,5463,2785,2678
Hardeman County, Texas,3922,1984,1938
Hardin County, Texas,57207,28188,29019
Harris County, Texas,4698619,2333866,2364753
Harrison County, Texas,66726,32660,34066
Hartley County, Texas,5619,3365,2254
Haskell County, Texas,5813,3108,2705
Hays County, Texas,222631,110756,111875
Hemphill County, Texas,3825,1920,1905
Henderson County, Texas,82299,40249,42050
Hidalgo County, Texas,865939,424482,441457
Hill County, Texas,36354,18114,18240
Hockley County, Texas,22980,11458,11522
Hood County, Texas,60537,29601,30936
Hopkins County, Texas,36810,18124,18686
Houston County, Texas,23169,12385,10784
Howard County, Texas,36459,20966,15493
Hudspeth County, Texas,4795,2541,2254
Hunt County, Texas,96493,47593,48900
Hutchinson County, Texas,21198,10663,10535
Irion County, Texas,1522,781,741
Jack County, Texas,8843,4988,3855
Jackson County, Texas,14874,7400,7474
Jasper County, Texas,35872,17762,18110
Jeff Davis County, Texas,2252,1154,1098
Jefferson County, Texas,255001,130778,124223
Jim Hogg County, Texas,5248,2694,2554
Jim Wells County, Texas,40822,20244,20578
Johnson County, Texas,171361,85449,85912
Jones County, Texas,19817,12433,7384
Karnes County, Texas,15650,9209,6441
Kaufman County, Texas,128622,63360,65262
Kendall County, Texas,45641,22350,23291
Kenedy County, Texas,442,228,214
Kent County, Texas,726,361,365
Kerr County, Texas,52405,25219,27186
Kimble County, Texas,4362,2134,2228
King County, Texas,277,140,137
Kinney County, Texas,3767,2074,1693
Kleberg County, Texas,31129,15939,15190
Knox County, Texas,3653,1809,1844
Lamar County, Texas,49728,23970,25758
Lamb County, Texas,13158,6523,6635
Lampasas County, Texas,21229,10461,10768
La Salle County, Texas,7531,4457,3074
Lavaca County, Texas,20110,9822,10288
Lee County, Texas,17144,8609,8535
Leon County, Texas,17270,8587,8683
Liberty County, Texas,86323,42794,43529
Limestone County, Texas,23519,12143,11376
Lipscomb County, Texas,3355,1734,1621
Live Oak County, Texas,12166,6667,5499
Llano County, Texas,21646,10482,11164
Loving County, Texas,152,85,67
Lubbock County, Texas,307412,151464,155948
Lynn County, Texas,5877,2997,2880
McCulloch County, Texas,7987,4012,3975
McLennan County, Texas,254607,124464,130143
McMullen County, Texas,749,411,338
Madison County, Texas,14422,8283,6139
Marion County, Texas,9928,4842,5086
Martin County, Texas,5753,2911,2842
Mason County, Texas,4280,2143,2137
Matagorda County, Texas,36552,18415,18137
Maverick County, Texas,58485,29178,29307
Medina County, Texas,50921,26276,24645
Menard County, Texas,2139,1062,1077
Midland County, Texas,172578,87103,85475
Milam County, Texas,25131,12385,12746
Mills County, Texas,4921,2456,2465
Mitchell County, Texas,8145,4751,3394
Montague County, Texas,19596,9618,9978
Montgomery County, Texas,590925,292758,298167
Moore County, Texas,21485,11160,10325
Morris County, Texas,12339,5934,6405
Motley County, Texas,1234,634,600
Nacogdoches County, Texas,65711,31479,34232
Navarro County, Texas,49565,24313,25252
Newton County, Texas,13746,7066,6680
Nolan County, Texas,14751,7370,7381
Nueces County, Texas,362265,179134,183131
Ochiltree County, Texas,9947,5030,4917
Oldham County, Texas,2131,1109,1022
Orange County, Texas,83572,41439,42133
Palo Pinto County, Texas,28875,14235,14640
Panola County, Texas,23148,11456,11692
Parker County, Texas,138371,68872,69499
Parmer County, Texas,9864,5123,4741
Pecos County, Texas,15673,8912,6761
Polk County, Texas,50031,26937,23094
Potter County, Texas,119648,61609,58039
Presidio County, Texas,6948,3557,3391
Rains County, Texas,12159,6044,6115
Randall County, Texas,136271,67024,69247
Reagan County, Texas,3741,2001,1740
Real County, Texas,3478,1733,1745
Red River County, Texas,12175,5912,6263
Reeves County, Texas,15695,9632,6063
Refugio County, Texas,7032,3450,3582
Roberts County, Texas,903,448,455
Robertson County, Texas,17284,8478,8806
Rockwall County, Texas,100657,49740,50917
Runnels County, Texas,10234,5203,5031
Rusk County, Texas,54450,29363,25087
Sabine County, Texas,10589,5213,5376
San Augustine County, Texas,8232,4052,4180
San Jacinto County, Texas,28719,14249,14470
San Patricio County, Texas,66893,33652,33241
San Saba County, Texas,6054,3308,2746
Schleicher County, Texas,2895,1436,1459
Scurry County, Texas,16866,9148,7718
Shackelford County, Texas,3253,1572,1681
Shelby County, Texas,25418,12637,12781
Sherman County, Texas,3079,1604,1475
Smith County, Texas,230221,111207,119014
Somervell County, Texas,9016,4442,4574
Starr County, Texas,64525,31430,33095
Stephens County, Texas,9433,4990,4443
Sterling County, Texas,1311,668,643
Stonewall County, Texas,1362,665,697
Sutton County, Texas,3758,1920,1838
Swisher County, Texas,7462,3975,3487
Tarrant County, Texas,2084931,1020097,1064834
Taylor County, Texas,137640,67226,70414
Terrell County, Texas,823,421,402
Terry County, Texas,12287,6417,5870
Throckmorton County, Texas,1515,708,807
Titus County, Texas,33033,16186,16847
Tom Green County, Texas,118189,58764,59425
Travis County, Texas,1248743,631266,617477
Trinity County, Texas,14740,7105,7635
Tyler County, Texas,21696,11693,10003
Upshur County, Texas,41260,20387,20873
Upton County, Texas,3671,1881,1790
Uvalde County, Texas,26846,13209,13637
Val Verde County, Texas,49208,25156,24052
Van Zandt County, Texas,56019,27363,28656
Victoria County, Texas,92035,45094,46941
Walker County, Texas,72480,42184,30296
Waller County, Texas,53126,26482,26644
Ward County, Texas,11720,5898,5822
Washington County, Texas,35108,17230,17878
Webb County, Texas,275910,135563,140347
Wharton County, Texas,41619,20500,21119
Wheeler County, Texas,5191,2613,2578
Wichita County, Texas,132064,68337,63727
Wilbarger County, Texas,12820,6348,6472
Willacy County, Texas,21515,11893,9622
Williamson County, Texas,566719,279077,287642
Wilson County, Texas,50224,25175,25049
Winkler County, Texas,7720,3961,3759
Wise County, Texas,68305,34159,34146
Wood County, Texas,45129,22386,22743
Yoakum County, Texas,8591,4385,4206
Young County, Texas,18045,8937,9108
Zapata County, Texas,14190,7083,7107
Zavala County, Texas,11983,6061,5922
Beaver County, Utah,6580,3361,3219
Box Elder County, Utah,54950,27852,27098
Cache County, Utah,127068,63667,63401
Carbon County, Utah,20269,10065,10204
Daggett County, Utah,980,556,424
Davis County, Utah,351713,177609,174104
Duchesne County, Utah,19964,10103,9861
Emery County, Utah,10014,5110,4904
Garfield County, Utah,5080,2645,2435
Grand County, Utah,9764,4933,4831
Iron County, Utah,52775,26363,26412
Juab County, Utah,11555,5929,5626
Kane County, Utah,7709,3894,3815
Millard County, Utah,13006,6658,6348
Morgan County, Utah,12045,6224,5821
Piute County, Utah,1445,746,699
Rich County, Utah,2464,1268,1196
Salt Lake County, Utah,1152633,578614,574019
San Juan County, Utah,15449,7726,7723
Sanpete County, Utah,30623,16112,14511
Sevier County, Utah,21539,10945,10594
Summit County, Utah,41933,21461,20472
Tooele County, Utah,69907,35389,34518
Uintah County, Utah,35438,18011,17427
Utah County, Utah,622213,314587,307626
Wasatch County, Utah,33240,16873,16367
Washington County, Utah,171700,85053,86647
Wayne County, Utah,2690,1381,1309
Weber County, Utah,256359,129008,127351
Addison County, Vermont,36973,18469,18504
Bennington County, Vermont,35631,17363,18268
Caledonia County, Vermont,30302,15166,15136
Chittenden County, Vermont,164572,80692,83880
Essex County, Vermont,6250,3131,3119
Franklin County, Vermont,49421,24611,24810
Grand Isle County, Vermont,7090,3578,3512
Lamoille County, Vermont,25300,12657,12643
Orange County, Vermont,28999,14524,14475
Orleans County, Vermont,26907,13501,13406
Rutland County, Vermont,58672,28924,29748
Washington County, Vermont,58140,28773,29367
Windham County, Vermont,42756,20919,21837
Windsor County, Vermont,55286,26944,28342
Accomack County, Virginia,32412,15817,16595
Albemarle County, Virginia,108718,51970,56748
Alleghany County, Virginia,14910,7291,7619
Amelia County, Virginia,13013,6416,6597
Amherst County, Virginia,31666,15368,16298
Appomattox County, Virginia,15841,7692,8149
Arlington County, Virginia,237521,119009,118512
Augusta County, Virginia,75457,38274,37183
Bath County, Virginia,4292,2161,2131
Bedford County, Virginia,78747,38794,39953
Bland County, Virginia,6293,3445,2848
Botetourt County, Virginia,33277,16494,16783
Brunswick County, Virginia,16384,8773,7611
Buchanan County, Virginia,21221,10735,10486
Buckingham County, Virginia,16999,9364,7635
Campbell County, Virginia,54973,26723,28250
Caroline County, Virginia,30772,15214,15558
Carroll County, Virginia,29636,14676,14960
Charles City County, Virginia,6941,3345,3596
Charlotte County, Virginia,11938,5896,6042
Chesterfield County, Virginia,348556,168039,180517
Clarke County, Virginia,14523,7238,7285
Craig County, Virginia,5064,2508,2556
Culpeper County, Virginia,51859,25944,25915
Cumberland County, Virginia,9809,4736,5073
Dickenson County, Virginia,14523,7360,7163
Dinwiddie County, Virginia,28529,13941,14588
Essex County, Virginia,10919,5113,5806
Fairfax County, Virginia,1150795,570871,579924
Fauquier County, Virginia,70675,34991,35684
Floyd County, Virginia,15795,7939,7856
Fluvanna County, Virginia,26783,12252,14531
Franklin County, Virginia,56195,27672,28523
Frederick County, Virginia,88355,44026,44329
Giles County, Virginia,16844,8297,8547
Gloucester County, Virginia,37349,18376,18973
Goochland County, Virginia,23244,11401,11843
Grayson County, Virginia,15631,8047,7584
Greene County, Virginia,19779,9632,10147
Greensville County, Virginia,11627,7285,4342
Halifax County, Virginia,34120,16355,17765
Hanover County, Virginia,107239,52476,54763
Henrico County, Virginia,329261,156230,173031
Henry County, Virginia,50953,24528,26425
Highland County, Virginia,2210,1100,1110
Isle of Wight County, Virginia,36953,18094,18859
James City County, Virginia,76397,36921,39476
King and Queen County, Virginia,7042,3567,3475
King George County, Virginia,26575,13459,13116
King William County, Virginia,16939,8291,8648
Lancaster County, Virginia,10783,5083,5700
Lee County, Virginia,23541,12237,11304
Loudoun County, Virginia,406850,201469,205381
Louisa County, Virginia,36778,18169,18609
Lunenburg County, Virginia,12086,6400,5686
Madison County, Virginia,13295,6416,6879
Mathews County, Virginia,8802,4235,4567
Mecklenburg County, Virginia,30650,14885,15765
Middlesex County, Virginia,10769,5243,5526
Montgomery County, Virginia,98985,51452,47533
Nelson County, Virginia,14836,7170,7666
New Kent County, Virginia,22391,11450,10941
Northampton County, Virginia,11735,5603,6132
Northumberland County, Virginia,12147,5956,6191
Nottoway County, Virginia,15420,8338,7082
Orange County, Virginia,36644,17877,18767
Page County, Virginia,23933,11830,12103
Patrick County, Virginia,17673,8730,8943
Pittsylvania County, Virginia,60949,30048,30901
Powhatan County, Virginia,29189,15130,14059
Prince Edward County, Virginia,22950,11491,11459
Prince George County, Virginia,38082,20584,17498
Prince William County, Virginia,468011,233996,234015
Pulaski County, Virginia,34066,17016,17050
Rappahannock County, Virginia,7252,3559,3693
Richmond County, Virginia,9038,5084,3954
Roanoke County, Virginia,94073,45334,48739
Rockbridge County, Virginia,22752,11270,11482
Rockingham County, Virginia,81244,39975,41269
Russell County, Virginia,26748,13083,13665
Scott County, Virginia,21534,10829,10705
Shenandoah County, Virginia,43497,21277,22220
Smyth County, Virginia,30472,14944,15528
Southampton County, Virginia,17586,9142,8444
Spotsylvania County, Virginia,134238,65903,68335
Stafford County, Virginia,149960,75624,74336
Surry County, Virginia,6474,3198,3276
Sussex County, Virginia,11237,6658,4579
Tazewell County, Virginia,40855,20225,20630
Warren County, Virginia,40003,19939,20064
Washington County, Virginia,54402,26798,27604
Westmoreland County, Virginia,17830,8700,9130
Wise County, Virginia,38012,19779,18233
Wythe County, Virginia,28754,14037,14717
York County, Virginia,67846,33273,34573
Alexandria city, Virginia,160530,77269,83261
Bristol city, Virginia,16482,7811,8671
Buena Vista city, Virginia,6237,2928,3309
Charlottesville city, Virginia,48117,23316,24801
Chesapeake city, Virginia,242634,118401,124233
Colonial Heights city, Virginia,17833,8165,9668
Covington city, Virginia,5460,2637,2823
Danville city, Virginia,40693,18720,21973
Emporia city, Virginia,5121,2370,2751
Fairfax city, Virginia,24574,12216,12358
Falls Church city, Virginia,14772,7251,7521
Franklin city, Virginia,8013,3616,4397
Fredericksburg city, Virginia,29144,13450,15694
Galax city, Virginia,6423,2979,3444
Hampton city, Virginia,134313,64558,69755
Harrisonburg city, Virginia,54033,25987,28046
Hopewell city, Virginia,22596,10536,12060
Lexington city, Virginia,7136,4008,3128
Lynchburg city, Virginia,82126,38521,43605
Manassas city, Virginia,41641,20875,20766
Manassas Park city, Virginia,17307,8910,8397
Martinsville city, Virginia,12902,5976,6926
Newport News city, Virginia,178626,86229,92397
Norfolk city, Virginia,244076,127235,116841
Norton city, Virginia,3968,1859,2109
Petersburg city, Virginia,31567,14508,17059
Poquoson city, Virginia,12190,6096,6094
Portsmouth city, Virginia,94632,45452,49180
Radford city, Virginia,18339,8619,9720
Richmond city, Virginia,228783,108456,120327
Roanoke city, Virginia,99920,47891,52029
Salem city, Virginia,25643,12201,13442
Staunton city, Virginia,24922,11435,13487
Suffolk city, Virginia,91185,44173,47012
Virginia Beach city, Virginia,450189,221065,229124
Waynesboro city, Virginia,22628,10802,11826
Williamsburg city, Virginia,14896,6853,8043
Winchester city, Virginia,28108,13689,14419
Adams County, Washington,19759,10009,9750
Asotin County, Washington,22610,11023,11587
Benton County, Washington,201877,101150,100727
Chelan County, Washington,77036,38521,38515
Clallam County, Washington,76737,37842,38895
Clark County, Washington,481857,238118,243739
Columbia County, Washington,4059,1982,2077
Cowlitz County, Washington,108987,53938,55049
Douglas County, Washington,42907,21740,21167
Ferry County, Washington,7649,3909,3740
Franklin County, Washington,94347,48752,45595
Garfield County, Washington,2247,1099,1148
Grant County, Washington,97331,49539,47792
Grays Harbor County, Washington,73901,37819,36082
Island County, Washington,84460,42115,42345
Jefferson County, Washington,31729,15528,16201
King County, Washington,2233163,1121104,1112059
Kitsap County, Washington,269805,137982,131823
Kittitas County, Washington,47364,23889,23475
Klickitat County, Washington,22107,11157,10950
Lewis County, Washington,79604,39780,39824
Lincoln County, Washington,10740,5492,5248
Mason County, Washington,65507,34046,31461
Okanogan County, Washington,42132,21211,20921
Pacific County, Washington,22036,11003,11033
Pend Oreille County, Washington,13602,6922,6680
Pierce County, Washington,891299,443333,447966
San Juan County, Washington,17128,8286,8842
Skagit County, Washington,128206,63544,64662
Skamania County, Washington,11924,6061,5863
Snohomish County, Washington,814901,408857,406044
Spokane County, Washington,514631,255193,259438
Stevens County, Washington,45260,22589,22671
Thurston County, Washington,286419,140136,146283
Wahkiakum County, Washington,4426,2222,2204
Walla Walla County, Washington,60922,31138,29784
Whatcom County, Washington,225685,111688,113997
Whitman County, Washington,49791,25408,24383
Yakima County, Washington,251446,125786,125660
Barbour County, West Virginia,16535,8049,8486
Berkeley County, West Virginia,117123,58095,59028
Boone County, West Virginia,21951,10937,11014
Braxton County, West Virginia,14089,7122,6967
Brooke County, West Virginia,22203,10902,11301
Cabell County, West Virginia,93224,45585,47639
Calhoun County, West Virginia,7254,3617,3637
Clay County, West Virginia,8632,4360,4272
Doddridge County, West Virginia,8406,4625,3781
Fayette County, West Virginia,43018,21658,21360
Gilmer County, West Virginia,8026,4798,3228
Grant County, West Virginia,11626,5796,5830
Greenbrier County, West Virginia,34786,17035,17751
Hampshire County, West Virginia,23347,11915,11432
Hancock County, West Virginia,29094,14177,14917
Hardy County, West Virginia,13775,6932,6843
Harrison County, West Virginia,67554,33182,34372
Jackson County, West Virginia,28706,14266,14440
Jefferson County, West Virginia,56811,28187,28624
Kanawha County, West Virginia,180454,86916,93538
Lewis County, West Virginia,16024,7966,8058
Lincoln County, West Virginia,20599,10205,10394
Logan County, West Virginia,32607,16105,16502
McDowell County, West Virginia,18223,8917,9306
Marion County, West Virginia,56097,27692,28405
Marshall County, West Virginia,30785,15262,15523
Mason County, West Virginia,26718,12925,13793
Mercer County, West Virginia,59131,28395,30736
Mineral County, West Virginia,26940,13403,13537
Mingo County, West Virginia,23785,11724,12061
Monongalia County, West Virginia,106420,54938,51482
Monroe County, West Virginia,13280,6638,6642
Morgan County, West Virginia,17787,8914,8873
Nicholas County, West Virginia,24842,12215,12627
Ohio County, West Virginia,41755,20148,21607
Pendleton County, West Virginia,6997,3539,3458
Pleasants County, West Virginia,7507,4083,3424
Pocahontas County, West Virginia,8414,4313,4101
Preston County, West Virginia,33839,17367,16472
Putnam County, West Virginia,56682,27871,28811
Raleigh County, West Virginia,74254,37223,37031
Randolph County, West Virginia,28823,14916,13907
Ritchie County, West Virginia,9721,4862,4859
Roane County, West Virginia,13932,6874,7058
Summers County, West Virginia,12760,5759,7001
Taylor County, West Virginia,16862,8556,8306
Tucker County, West Virginia,6955,3554,3401
Tyler County, West Virginia,8746,4398,4348
Upshur County, West Virginia,24415,12106,12309
Wayne County, West Virginia,39944,19527,20417
Webster County, West Virginia,8285,4145,4140
Wetzel County, West Virginia,15270,7498,7772
Wirt County, West Virginia,5830,2969,2861
Wood County, West Virginia,84203,40905,43298
Wyoming County, West Virginia,20786,10274,10512
Adams County, Wisconsin,20348,10925,9423
Ashland County, Wisconsin,15600,7818,7782
Barron County, Wisconsin,45164,22628,22536
Bayfield County, Wisconsin,15042,7660,7382
Brown County, Wisconsin,263378,130577,132801
Buffalo County, Wisconsin,13125,6677,6448
Burnett County, Wisconsin,15392,7884,7508
Calumet County, Wisconsin,50159,25262,24897
Chippewa County, Wisconsin,64135,33239,30896
Clark County, Wisconsin,34709,17523,17186
Columbia County, Wisconsin,57358,29321,28037
Crawford County, Wisconsin,16291,8461,7830
Dane County, Wisconsin,542364,269692,272672
Dodge County, Wisconsin,87847,46444,41403
Door County, Wisconsin,27610,13625,13985
Douglas County, Wisconsin,43208,21627,21581
Dunn County, Wisconsin,45131,22651,22480
Eau Claire County, Wisconsin,104534,51647,52887
Florence County, Wisconsin,4321,2226,2095
Fond du Lac County, Wisconsin,103066,50694,52372
Forest County, Wisconsin,8991,4556,4435
Grant County, Wisconsin,51554,26737,24817
Green County, Wisconsin,36929,18350,18579
Green Lake County, Wisconsin,18918,9506,9412
Iowa County, Wisconsin,23771,11904,11867
Iron County, Wisconsin,5676,2857,2819
Jackson County, Wisconsin,20478,10969,9509
Jefferson County, Wisconsin,85129,42546,42583
Juneau County, Wisconsin,26617,14165,12452
Kenosha County, Wisconsin,169290,83836,85454
Kewaunee County, Wisconsin,20383,10334,10049
La Crosse County, Wisconsin,118230,57659,60571
Lafayette County, Wisconsin,16665,8435,8230
Langlade County, Wisconsin,19268,9717,9551
Lincoln County, Wisconsin,27689,14029,13660
Manitowoc County, Wisconsin,79074,39507,39567
Marathon County, Wisconsin,135428,68084,67344
Marinette County, Wisconsin,40434,20297,20137
Marquette County, Wisconsin,15434,7877,7557
Menominee County, Wisconsin,4658,2320,2338
Milwaukee County, Wisconsin,948201,459121,489080
Monroe County, Wisconsin,46051,23301,22750
Oconto County, Wisconsin,37830,19383,18447
Oneida County, Wisconsin,35470,17794,17676
Outagamie County, Wisconsin,187365,93674,93691
Ozaukee County, Wisconsin,89147,43841,45306
Pepin County, Wisconsin,7289,3725,3564
Pierce County, Wisconsin,42555,21199,21356
Polk County, Wisconsin,43598,21976,21622
Portage County, Wisconsin,70942,35759,35183
Price County, Wisconsin,13397,6820,6577
Racine County, Wisconsin,196584,97314,99270
Richland County, Wisconsin,17377,8740,8637
Rock County, Wisconsin,163129,80393,82736
Rusk County, Wisconsin,14147,7180,6967
St. Croix County, Wisconsin,89694,44793,44901
Sauk County, Wisconsin,64249,32060,32189
Sawyer County, Wisconsin,16489,8421,8068
Shawano County, Wisconsin,40796,20414,20382
Sheboygan County, Wisconsin,115456,58114,57342
Taylor County, Wisconsin,20412,10374,10038
Trempealeau County, Wisconsin,29442,14964,14478
Vernon County, Wisconsin,30785,15498,15287
Vilas County, Wisconsin,21938,11134,10804
Walworth County, Wisconsin,103718,51797,51921
Washburn County, Wisconsin,15878,7861,8017
Washington County, Wisconsin,135693,67452,68241
Waukesha County, Wisconsin,403072,198189,204883
Waupaca County, Wisconsin,51128,25940,25188
Waushara County, Wisconsin,24263,12764,11499
Winnebago County, Wisconsin,171020,86063,84957
Wood County, Wisconsin,73055,35949,37106
Albany County, Wyoming,38601,20145,18456
Big Horn County, Wyoming,11881,5982,5899
Campbell County, Wyoming,46140,23779,22361
Carbon County, Wyoming,14971,8081,6890
Converse County, Wyoming,13640,6927,6713
Crook County, Wyoming,7450,3785,3665
Fremont County, Wyoming,39531,19826,19705
Goshen County, Wyoming,13376,6983,6393
Hot Springs County, Wyoming,4555,2298,2257
Johnson County, Wyoming,8460,4265,4195
Laramie County, Wyoming,98976,50170,48806
Lincoln County, Wyoming,19434,9930,9504
Natrona County, Wyoming,79115,39860,39255
Niobrara County, Wyoming,2388,1091,1297
Park County, Wyoming,29324,14605,14719
Platte County, Wyoming,8566,4310,4256
Sheridan County, Wyoming,30233,15179,15054
Sublette County, Wyoming,9813,5295,4518
Sweetwater County, Wyoming,43051,22152,20899
Teton County, Wyoming,23081,11909,11172
Uinta County, Wyoming,20299,10285,10014
Washakie County, Wyoming,7885,3988,3897
Weston County, Wyoming,6967,3689,3278
